0 191 562 731 197 731 
191 0 230 528 71 342 
562 230 0 59 590 465 
731 528 59 0 244 93 
197 71 590 244 0 972 
731 342 465 93 972 0 
