0 914 583 170 187 774 336 620 289 523 293 
914 0 762 900 55 701 621 657 615 459 721 
583 762 0 704 718 3 354 200 940 104 163 
170 900 704 0 638 803 335 823 28 342 860 
187 55 718 638 0 277 511 680 537 965 784 
774 701 3 803 277 0 50 62 411 670 562 
336 621 354 335 511 50 0 21 765 703 90 
620 657 200 823 680 62 21 0 342 420 274 
289 615 940 28 537 411 765 342 0 44 450 
523 459 104 342 965 670 703 420 44 0 861 
293 721 163 860 784 562 90 274 450 861 0 
