Graph: 
0 105 676 322 507 729 789 788 335 937 73 316 483 144 
105 0 474 783 576 376 129 601 374 388 787 74 179 961 
676 474 0 982 319 897 171 345 526 267 379 129 839 966 
322 783 982 0 249 25 551 35 904 486 362 286 792 370 
507 576 319 249 0 203 605 754 892 42 946 29 851 286 
729 376 897 25 203 0 126 749 718 407 457 232 741 389 
789 129 171 551 605 126 0 649 185 173 197 858 903 916 
788 601 345 35 754 749 649 0 411 871 902 240 65 328 
335 374 526 904 892 718 185 411 0 200 713 944 563 2 
937 388 267 486 42 407 173 871 200 0 553 723 719 179 
73 787 379 362 946 457 197 902 713 553 0 824 614 164 
316 74 129 286 29 232 858 240 944 723 824 0 729 869 
483 179 839 792 851 741 903 65 563 719 614 729 0 336 
144 961 966 370 286 389 916 328 2 179 164 869 336 0 

Hamilton Path: 
Cost = 1124; Path = 2, 11, 4, 9, 8, 13, 10, 0, 1, 6, 5, 3, 7, 12
