Graph: 
0 833 386 273 145 884 293 774 74 788 671 59 307 901 
833 0 914 161 674 309 50 628 301 82 679 758 812 708 
386 914 0 121 689 455 864 909 26 514 687 5 98 969 
273 161 121 0 608 571 26 379 929 566 604 893 901 800 
145 674 689 608 0 487 120 649 1 161 253 512 504 450 
884 309 455 571 487 0 207 488 643 654 934 633 968 821 
293 50 864 26 120 207 0 54 472 200 915 91 350 366 
774 628 909 379 649 488 54 0 586 654 684 599 459 110 
74 301 26 929 1 643 472 586 0 8 849 388 959 245 
788 82 514 566 161 654 200 654 8 0 642 582 553 151 
671 679 687 604 253 934 915 684 849 642 0 955 573 0 
59 758 5 893 512 633 91 599 388 582 955 0 973 412 
307 812 98 901 504 968 350 459 959 553 573 973 0 827 
901 708 969 800 450 821 366 110 245 151 0 412 827 0 

Hamilton Path: 
Cost = 1278; Path = 5, 1, 9, 8, 4, 10, 13, 7, 6, 3, 0, 11, 2, 12
