0 24 373 919 766 719 650 814 426 624 794 
24 0 333 288 155 882 849 656 640 925 650 
373 333 0 908 605 8 89 406 149 212 375 
919 288 908 0 700 28 172 479 911 497 721 
766 155 605 700 0 127 401 12 886 794 465 
719 882 8 28 127 0 538 650 430 606 516 
650 849 89 172 401 538 0 794 834 547 613 
814 656 406 479 12 650 794 0 494 11 536 
426 640 149 911 886 430 834 494 0 57 581 
624 925 212 497 794 606 547 11 57 0 757 
794 650 375 721 465 516 613 536 581 757 0 
