0 295 690 388 108 843 675 825 
295 0 19 831 755 312 393 886 
690 19 0 861 819 570 172 665 
388 831 861 0 957 317 787 964 
108 755 819 957 0 160 233 697 
843 312 570 317 160 0 963 631 
675 393 172 787 233 963 0 865 
825 886 665 964 697 631 865 0 
