0 186 754 999 735 667 547 611 597 512 831 575 812 717 34 
186 0 878 564 799 889 880 30 394 173 31 724 951 961 967 
754 878 0 434 24 572 182 400 455 132 238 478 152 544 143 
999 564 434 0 772 187 400 793 490 405 840 205 327 585 795 
735 799 24 772 0 487 693 575 77 792 826 989 35 22 920 
667 889 572 187 487 0 486 823 621 111 130 610 707 771 909 
547 880 182 400 693 486 0 863 35 318 922 872 50 263 688 
611 30 400 793 575 823 863 0 159 706 147 201 994 532 389 
597 394 455 490 77 621 35 159 0 682 37 630 900 342 506 
512 173 132 405 792 111 318 706 682 0 287 316 375 39 19 
831 31 238 840 826 130 922 147 37 287 0 176 292 334 80 
575 724 478 205 989 610 872 201 630 316 176 0 323 460 85 
812 951 152 327 35 707 50 994 900 375 292 323 0 435 512 
717 961 544 585 22 771 263 532 342 39 334 460 435 0 790 
34 967 143 795 920 909 688 389 506 19 80 85 512 790 0 
