Graph: 
0 499 584 308 610 4 690 790 881 906 820 709 874 986 590 
499 0 909 614 563 635 613 159 96 512 359 425 312 171 196 
584 909 0 810 598 871 335 593 521 240 331 315 672 213 199 
308 614 810 0 295 452 737 992 751 770 937 316 817 589 881 
610 563 598 295 0 541 872 573 760 831 307 40 783 858 17 
4 635 871 452 541 0 648 921 559 26 611 889 100 574 344 
690 613 335 737 872 648 0 795 780 843 860 814 94 485 341 
790 159 593 992 573 921 795 0 723 720 755 682 966 661 947 
881 96 521 751 760 559 780 723 0 607 708 501 40 995 354 
906 512 240 770 831 26 843 720 607 0 430 773 622 51 946 
820 359 331 937 307 611 860 755 708 430 0 253 946 128 47 
709 425 315 316 40 889 814 682 501 773 253 0 438 70 659 
874 312 672 817 783 100 94 966 40 622 946 438 0 298 119 
986 171 213 589 858 574 485 661 995 51 128 70 298 0 523 
590 196 199 881 17 344 341 947 354 946 47 659 119 523 0 

Hamilton Path: 
Cost = 1618; Path = 3, 0, 5, 9, 13, 11, 4, 14, 10, 2, 6, 12, 8, 1, 7
