Graph: 
0 417 914 216 521 190 215 914 786 418 773 
417 0 653 942 263 307 402 848 639 848 121 
914 653 0 404 47 453 362 386 101 894 89 
216 942 404 0 812 804 258 256 998 655 959 
521 263 47 812 0 608 854 280 580 537 794 
190 307 453 804 608 0 821 824 831 240 454 
215 402 362 258 854 821 0 627 916 979 359 
914 848 386 256 280 824 627 0 120 743 873 
786 639 101 998 580 831 916 120 0 22 659 
418 848 894 655 537 240 979 743 22 0 163 
773 121 89 959 794 454 359 873 659 163 0 

Hamilton Path: 
Cost = 1582; Path = 1, 10, 2, 4, 7, 8, 9, 5, 0, 6, 3
