Graph: 
0 491 786 5 998 682 35 430 
491 0 687 827 307 514 424 125 
786 687 0 952 654 881 392 494 
5 827 952 0 389 445 626 2 
998 307 654 389 0 859 236 636 
682 514 881 445 859 0 82 283 
35 424 392 626 236 82 0 73 
430 125 494 2 636 283 73 0 

Hamilton Path: 
Cost = 1210; Path = 2, 4, 1, 7, 3, 0, 6, 5
