0 492 960 37 486 579 958 375 425 593 
492 0 679 658 309 524 669 483 171 485 
960 679 0 609 540 793 808 154 223 216 
37 658 609 0 514 205 330 852 272 396 
486 309 540 514 0 401 459 831 445 641 
579 524 793 205 401 0 605 217 612 283 
958 669 808 330 459 605 0 281 184 930 
375 483 154 852 831 217 281 0 48 304 
425 171 223 272 445 612 184 48 0 159 
593 485 216 396 641 283 930 304 159 0 
