Graph: 
0 512 417 814 902 679 645 750 327 781 835 761 153 459 
512 0 985 646 237 315 965 608 436 397 486 809 453 303 
417 985 0 187 982 156 301 25 362 395 780 960 863 896 
814 646 187 0 441 875 609 139 61 76 187 675 410 910 
902 237 982 441 0 766 883 382 162 348 812 263 864 910 
679 315 156 875 766 0 580 690 702 532 126 496 568 515 
645 965 301 609 883 580 0 97 11 277 795 804 906 310 
750 608 25 139 382 690 97 0 355 880 975 910 532 567 
327 436 362 61 162 702 11 355 0 566 437 545 535 86 
781 397 395 76 348 532 277 880 566 0 473 78 47 724 
835 486 780 187 812 126 795 975 437 473 0 617 473 229 
761 809 960 675 263 496 804 910 545 78 617 0 727 250 
153 453 863 410 864 568 906 532 535 47 473 727 0 545 
459 303 896 910 910 515 310 567 86 724 229 250 545 0 

Hamilton Path: 
Cost = 1714; Path = 0, 12, 9, 3, 10, 5, 2, 7, 6, 8, 13, 11, 4, 1
