0 845 963 43 982 340 763 703 888 311 41 142 
845 0 685 998 91 541 526 613 246 735 906 349 
963 685 0 463 212 4 788 547 700 967 881 137 
43 998 463 0 855 155 284 812 69 412 680 230 
982 91 212 855 0 632 215 434 725 661 177 563 
340 541 4 155 632 0 168 923 528 590 811 540 
763 526 788 284 215 168 0 489 929 589 781 492 
703 613 547 812 434 923 489 0 195 490 494 203 
888 246 700 69 725 528 929 195 0 866 888 966 
311 735 967 412 661 590 589 490 866 0 279 155 
41 906 881 680 177 811 781 494 888 279 0 271 
142 349 137 230 563 540 492 203 966 155 271 0 
