0 888 570 590 502 173 841 811 852 474 605 77 703 
888 0 881 823 759 323 331 986 564 950 155 584 74 
570 881 0 382 627 280 856 401 562 135 576 480 277 
590 823 382 0 551 985 438 451 14 75 959 139 815 
502 759 627 551 0 992 118 912 620 717 389 910 366 
173 323 280 985 992 0 945 225 205 37 324 156 381 
841 331 856 438 118 945 0 411 707 783 70 90 721 
811 986 401 451 912 225 411 0 177 462 639 907 363 
852 564 562 14 620 205 707 177 0 132 722 62 400 
474 950 135 75 717 37 783 462 132 0 832 988 907 
605 155 576 959 389 324 70 639 722 832 0 158 27 
77 584 480 139 910 156 90 907 62 988 158 0 523 
703 74 277 815 366 381 721 363 400 907 27 523 0 
