Graph: 
0 410 429 394 517 543 784 238 384 785 679 172 555 
410 0 840 693 210 196 969 378 216 752 395 51 379 
429 840 0 106 267 193 117 891 718 41 2 948 392 
394 693 106 0 220 313 257 527 65 771 168 866 930 
517 210 267 220 0 533 668 166 640 426 562 526 999 
543 196 193 313 533 0 347 662 814 555 380 444 217 
784 969 117 257 668 347 0 69 921 857 297 447 76 
238 378 891 527 166 662 69 0 603 841 509 825 485 
384 216 718 65 640 814 921 603 0 290 878 51 241 
785 752 41 771 426 555 857 841 290 0 686 501 791 
679 395 2 168 562 380 297 509 878 686 0 478 380 
172 51 948 866 526 444 447 825 51 501 478 0 537 
555 379 392 930 999 217 76 485 241 791 380 537 0 

Hamilton Path: 
Cost = 1505; Path = 4, 1, 5, 12, 6, 7, 0, 11, 8, 3, 10, 2, 9
