0 101 492 818 246 878 314 779 740 902 
101 0 760 77 176 140 495 522 586 708 
492 760 0 255 914 480 889 883 844 411 
818 77 255 0 675 561 59 777 799 557 
246 176 914 675 0 236 258 562 356 737 
878 140 480 561 236 0 391 755 872 558 
314 495 889 59 258 391 0 858 124 593 
779 522 883 777 562 755 858 0 182 38 
740 586 844 799 356 872 124 182 0 678 
902 708 411 557 737 558 593 38 678 0 
