Graph: 
0 923 869 144 739 856 456 988 818 710 257 934 609 59 
923 0 24 793 755 477 515 172 861 641 423 696 287 301 
869 24 0 69 482 120 484 756 625 105 869 267 930 659 
144 793 69 0 940 182 27 558 401 274 914 585 516 358 
739 755 482 940 0 652 226 82 867 243 949 711 745 704 
856 477 120 182 652 0 378 227 833 528 181 841 874 869 
456 515 484 27 226 378 0 618 251 396 658 120 379 680 
988 172 756 558 82 227 618 0 136 426 545 936 752 966 
818 861 625 401 867 833 251 136 0 697 581 620 983 856 
710 641 105 274 243 528 396 426 697 0 908 315 849 285 
257 423 869 914 949 181 658 545 581 908 0 454 592 924 
934 696 267 585 711 841 120 936 620 315 454 0 745 316 
609 287 930 516 745 874 379 752 983 849 592 745 0 439 
59 301 659 358 704 869 680 966 856 285 924 316 439 0 

Hamilton Path: 
Cost = 2126; Path = 8, 7, 4, 9, 3, 6, 11, 13, 0, 10, 5, 2, 1, 12
