Graph: 
0 72 932 253 905 48 676 393 975 123 509 679 
72 0 457 747 116 36 61 21 890 339 807 911 
932 457 0 448 924 936 40 656 124 602 985 801 
253 747 448 0 530 663 310 896 609 122 362 356 
905 116 924 530 0 73 358 372 935 598 829 375 
48 36 936 663 73 0 87 493 586 746 609 954 
676 61 40 310 358 87 0 175 873 256 747 729 
393 21 656 896 372 493 175 0 169 983 835 141 
975 890 124 609 935 586 873 169 0 283 646 33 
123 339 602 122 598 746 256 983 283 0 523 405 
509 807 985 362 829 609 747 835 646 523 0 438 
679 911 801 356 375 954 729 141 33 405 438 0 

Hamilton Path: 
Cost = 1198; Path = 4, 5, 6, 2, 8, 11, 7, 1, 0, 9, 3, 10
