0 992 12 708 101 752 610 158 
992 0 645 395 44 722 848 761 
12 645 0 624 354 639 672 996 
708 395 624 0 863 285 403 713 
101 44 354 863 0 664 832 299 
752 722 639 285 664 0 355 160 
610 848 672 403 832 355 0 414 
158 761 996 713 299 160 414 0 
