Graph: 
0 564 875 91 615 149 943 876 191 857 231 688 640 830 38 
564 0 58 737 918 385 735 747 939 17 138 127 583 6 164 
875 58 0 101 473 846 251 239 771 317 907 818 824 518 236 
91 737 101 0 719 721 321 238 194 902 126 853 657 983 692 
615 918 473 719 0 289 655 656 744 504 525 80 86 442 456 
149 385 846 721 289 0 898 891 262 835 652 210 718 666 108 
943 735 251 321 655 898 0 568 896 21 542 47 934 286 486 
876 747 239 238 656 891 568 0 632 945 249 726 418 229 997 
191 939 771 194 744 262 896 632 0 409 149 534 150 945 454 
857 17 317 902 504 835 21 945 409 0 734 948 62 595 591 
231 138 907 126 525 652 542 249 149 734 0 954 855 528 554 
688 127 818 853 80 210 47 726 534 948 954 0 802 208 82 
640 583 824 657 86 718 934 418 150 62 855 802 0 504 468 
830 6 518 983 442 666 286 229 945 595 528 208 504 0 439 
38 164 236 692 456 108 486 997 454 591 554 82 468 439 0 

Hamilton Path: 
Cost = 1362; Path = 5, 14, 0, 3, 2, 7, 13, 1, 9, 6, 11, 4, 12, 8, 10
