0 901 940 406 892 680 501 593 212 164 
901 0 833 228 705 94 125 582 850 696 
940 833 0 307 119 741 444 317 788 183 
406 228 307 0 445 220 408 743 19 876 
892 705 119 445 0 627 288 557 354 860 
680 94 741 220 627 0 682 687 348 12 
501 125 444 408 288 682 0 502 314 220 
593 582 317 743 557 687 502 0 530 752 
212 850 788 19 354 348 314 530 0 259 
164 696 183 876 860 12 220 752 259 0 
