0 418 622 152 773 913 40 313 76 357 416 105 355 404 761 
418 0 462 26 633 166 434 64 172 186 166 558 377 362 812 
622 462 0 323 689 91 600 866 54 235 153 595 432 663 39 
152 26 323 0 621 870 615 778 781 298 771 373 827 969 98 
773 633 689 621 0 192 423 830 810 186 726 195 682 75 259 
913 166 91 870 192 0 669 123 714 587 603 199 247 350 31 
40 434 600 615 423 669 0 847 437 65 294 926 365 568 549 
313 64 866 778 830 123 847 0 365 536 673 556 317 759 968 
76 172 54 781 810 714 437 365 0 461 181 516 237 108 329 
357 186 235 298 186 587 65 536 461 0 818 567 81 628 61 
416 166 153 771 726 603 294 673 181 818 0 132 247 896 789 
105 558 595 373 195 199 926 556 516 567 132 0 528 332 721 
355 377 432 827 682 247 365 317 237 81 247 528 0 807 944 
404 362 663 969 75 350 568 759 108 628 896 332 807 0 43 
761 812 39 98 259 31 549 968 329 61 789 721 944 43 0 
