Graph: 
0 39 397 10 752 184 713 793 650 433 942 
39 0 777 23 4 867 814 769 718 915 166 
397 777 0 506 787 655 206 586 544 826 751 
10 23 506 0 569 159 837 280 123 489 899 
752 4 787 569 0 69 566 464 1 538 435 
184 867 655 159 69 0 381 68 10 674 75 
713 814 206 837 566 381 0 587 318 425 612 
793 769 586 280 464 68 587 0 23 906 449 
650 718 544 123 1 10 318 23 0 860 871 
433 915 826 489 538 674 425 906 860 0 977 
942 166 751 899 435 75 612 449 871 977 0 

Hamilton Path: 
Cost = 1232; Path = 9, 6, 2, 0, 3, 1, 4, 8, 7, 5, 10
