Graph: 
0 330 640 613 925 873 553 
330 0 88 736 307 642 577 
640 88 0 404 910 708 252 
613 736 404 0 870 929 586 
925 307 910 870 0 968 236 
873 642 708 929 968 0 620 
553 577 252 586 236 620 0 

Hamilton Path: 
Cost = 2268; Path = 0, 3, 2, 1, 4, 6, 5
