Graph: 
0 913 613 778 659 874 215 543 777 437 846 369 694 
913 0 998 100 576 962 141 271 483 0 279 341 516 
613 998 0 718 197 947 182 91 384 988 760 907 436 
778 100 718 0 262 270 412 574 665 418 123 204 614 
659 576 197 262 0 728 801 610 268 167 863 490 778 
874 962 947 270 728 0 208 371 430 916 951 346 140 
215 141 182 412 801 208 0 596 833 104 708 62 194 
543 271 91 574 610 371 596 0 113 252 234 799 994 
777 483 384 665 268 430 833 113 0 936 11 714 634 
437 0 988 418 167 916 104 252 936 0 389 878 292 
846 279 760 123 863 951 708 234 11 389 0 208 439 
369 341 907 204 490 346 62 799 714 878 208 0 19 
694 516 436 614 778 140 194 994 634 292 439 19 0 

Hamilton Path: 
Cost = 1385; Path = 0, 6, 11, 12, 5, 3, 1, 9, 4, 2, 7, 8, 10
