Graph: 
0 222 59 549 808 620 848 
222 0 383 296 148 254 63 
59 383 0 258 281 88 972 
549 296 258 0 207 25 41 
808 148 281 207 0 170 839 
620 254 88 25 170 0 130 
848 63 972 41 839 130 0 

Hamilton Path: 
Cost = 424; Path = 0, 2, 5, 3, 6, 1, 4
