Graph: 
0 649 273 880 592 257 172 803 624 55 34 845 354 683 360 
649 0 504 180 597 754 916 986 536 946 366 287 373 181 281 
273 504 0 726 805 16 814 809 55 107 804 695 855 580 874 
880 180 726 0 668 499 754 216 710 194 39 664 406 586 858 
592 597 805 668 0 963 105 947 399 490 6 233 116 864 802 
257 754 16 499 963 0 417 390 642 458 444 336 970 617 485 
172 916 814 754 105 417 0 903 643 759 252 688 706 92 491 
803 986 809 216 947 390 903 0 556 344 563 973 559 803 731 
624 536 55 710 399 642 643 556 0 126 629 268 614 146 578 
55 946 107 194 490 458 759 344 126 0 25 613 958 769 680 
34 366 804 39 6 444 252 563 629 25 0 547 43 617 992 
845 287 695 664 233 336 688 973 268 613 547 0 642 798 949 
354 373 855 406 116 970 706 559 614 958 43 642 0 269 633 
683 181 580 586 864 617 92 803 146 769 617 798 269 0 889 
360 281 874 858 802 485 491 731 578 680 992 949 633 889 0 

Hamilton Path: 
Cost = 1961; Path = 7, 3, 10, 12, 4, 11, 5, 2, 8, 9, 0, 6, 13, 1, 14
