0 550 774 864 703 22 883 751 432 74 
550 0 308 930 573 486 116 812 148 822 
774 308 0 324 917 301 102 171 66 239 
864 930 324 0 617 242 602 872 33 190 
703 573 917 617 0 654 310 330 61 495 
22 486 301 242 654 0 215 57 356 409 
883 116 102 602 310 215 0 145 734 796 
751 812 171 872 330 57 145 0 906 186 
432 148 66 33 61 356 734 906 0 382 
74 822 239 190 495 409 796 186 382 0 
