Graph: 
0 615 777 824 761 371 290 601 736 772 333 13 
615 0 831 384 926 782 533 727 760 623 429 49 
777 831 0 571 771 117 111 691 900 158 559 140 
824 384 571 0 661 216 529 587 337 674 136 237 
761 926 771 661 0 95 256 64 11 591 359 319 
371 782 117 216 95 0 345 869 235 291 410 702 
290 533 111 529 256 345 0 211 799 146 51 549 
601 727 691 587 64 869 211 0 518 321 950 190 
736 760 900 337 11 235 799 518 0 942 298 10 
772 623 158 674 591 291 146 321 942 0 416 761 
333 429 559 136 359 410 51 950 298 416 0 34 
13 49 140 237 319 702 549 190 10 761 34 0 

Hamilton Path: 
Cost = 1364; Path = 0, 11, 1, 3, 10, 6, 9, 2, 5, 8, 4, 7
