0 919 658 854 261 553 706 222 343 
919 0 591 449 466 645 631 401 225 
658 591 0 194 771 847 951 844 686 
854 449 194 0 89 380 250 430 618 
261 466 771 89 0 440 633 146 725 
553 645 847 380 440 0 497 802 437 
706 631 951 250 633 497 0 363 702 
222 401 844 430 146 802 363 0 395 
343 225 686 618 725 437 702 395 0 
