Graph: 
0 968 768 777 10 969 334 571 592 
968 0 570 964 833 713 116 438 985 
768 570 0 251 485 885 251 757 813 
777 964 251 0 996 312 191 903 273 
10 833 485 996 0 926 44 385 819 
969 713 885 312 926 0 926 580 348 
334 116 251 191 44 926 0 461 529 
571 438 757 903 385 580 461 0 714 
592 985 813 273 819 348 529 714 0 

Hamilton Path: 
Cost = 2060; Path = 0, 4, 6, 1, 7, 5, 8, 3, 2
