0 276 661 302 305 151 860 622 999 731 794 
276 0 803 903 25 996 306 830 856 103 301 
661 803 0 401 841 299 145 817 885 887 524 
302 903 401 0 62 208 764 685 243 186 192 
305 25 841 62 0 70 422 39 901 487 723 
151 996 299 208 70 0 697 523 898 140 822 
860 306 145 764 422 697 0 673 314 399 860 
622 830 817 685 39 523 673 0 583 542 488 
999 856 885 243 901 898 314 583 0 70 914 
731 103 887 186 487 140 399 542 70 0 635 
794 301 524 192 723 822 860 488 914 635 0 
