Graph: 
0 997 850 121 723 388 742 604 856 331 47 393 476 
997 0 260 713 156 940 867 923 691 615 544 927 590 
850 260 0 970 727 506 8 94 291 556 486 165 596 
121 713 970 0 753 140 397 437 279 82 536 683 384 
723 156 727 753 0 10 276 135 464 110 563 578 410 
388 940 506 140 10 0 557 398 916 330 786 571 252 
742 867 8 397 276 557 0 919 543 686 958 803 452 
604 923 94 437 135 398 919 0 625 149 848 300 315 
856 691 291 279 464 916 543 625 0 982 243 35 165 
331 615 556 82 110 330 686 149 982 0 573 461 226 
47 544 486 536 563 786 958 848 243 573 0 108 917 
393 927 165 683 578 571 803 300 35 461 108 0 773 
476 590 596 384 410 252 452 315 165 226 917 773 0 

Hamilton Path: 
Cost = 1227; Path = 1, 4, 5, 12, 8, 11, 10, 0, 3, 9, 7, 2, 6
