0 213 674 602 905 994 573 0 678 167 349 212 625 923 609 
213 0 93 758 973 266 126 96 77 0 733 578 833 976 723 
674 93 0 369 505 228 633 535 255 48 819 557 128 772 795 
602 758 369 0 748 161 253 325 172 813 56 277 928 81 344 
905 973 505 748 0 287 327 505 640 753 414 253 406 332 236 
994 266 228 161 287 0 828 900 394 52 472 469 125 264 757 
573 126 633 253 327 828 0 388 33 466 728 516 584 605 38 
0 96 535 325 505 900 388 0 359 443 782 295 440 527 950 
678 77 255 172 640 394 33 359 0 611 603 427 574 389 789 
167 0 48 813 753 52 466 443 611 0 999 492 776 36 723 
349 733 819 56 414 472 728 782 603 999 0 822 534 395 899 
212 578 557 277 253 469 516 295 427 492 822 0 653 821 691 
625 833 128 928 406 125 584 440 574 776 534 653 0 780 127 
923 976 772 81 332 264 605 527 389 36 395 821 780 0 8 
609 723 795 344 236 757 38 950 789 723 899 691 127 8 0 
