0 243 126 59 153 287 897 22 
243 0 124 179 913 827 60 578 
126 124 0 460 704 18 312 747 
59 179 460 0 101 705 291 69 
153 913 704 101 0 66 630 131 
287 827 18 705 66 0 991 98 
897 60 312 291 630 991 0 85 
22 578 747 69 131 98 85 0 
