0 542 798 745 343 151 210 464 678 929 252 77 
542 0 727 422 743 85 484 762 115 936 280 36 
798 727 0 836 373 324 903 748 483 143 679 978 
745 422 836 0 168 760 318 841 909 889 749 903 
343 743 373 168 0 414 385 323 650 351 384 99 
151 85 324 760 414 0 176 879 522 538 318 956 
210 484 903 318 385 176 0 136 563 650 704 206 
464 762 748 841 323 879 136 0 732 610 714 64 
678 115 483 909 650 522 563 732 0 749 313 257 
929 936 143 889 351 538 650 610 749 0 236 684 
252 280 679 749 384 318 704 714 313 236 0 241 
77 36 978 903 99 956 206 64 257 684 241 0 
