Graph: 
0 776 849 581 866 247 200 
776 0 236 516 728 948 820 
849 236 0 331 95 398 112 
581 516 331 0 538 477 314 
866 728 95 538 0 69 38 
247 948 398 477 69 0 375 
200 820 112 314 38 375 0 

Hamilton Path: 
Cost = 1161; Path = 1, 2, 4, 5, 0, 6, 3
