0 386 658 347 87 569 
386 0 898 524 623 544 
658 898 0 149 425 776 
347 524 149 0 676 221 
87 623 425 676 0 671 
569 544 776 221 671 0 
