0 260 358 836 600 444 570 133 71 86 
260 0 435 863 704 605 739 804 83 75 
358 435 0 116 144 49 884 294 205 736 
836 863 116 0 369 157 249 313 92 326 
600 704 144 369 0 61 288 455 631 837 
444 605 49 157 61 0 832 286 564 957 
570 739 884 249 288 832 0 407 490 509 
133 804 294 313 455 286 407 0 45 313 
71 83 205 92 631 564 490 45 0 903 
86 75 736 326 837 957 509 313 903 0 
