0 989 559 302 895 612 461 703 397 
989 0 730 259 570 305 0 490 774 
559 730 0 280 954 124 111 992 284 
302 259 280 0 914 604 849 291 486 
895 570 954 914 0 55 640 972 795 
612 305 124 604 55 0 810 407 100 
461 0 111 849 640 810 0 732 939 
703 490 992 291 972 407 732 0 339 
397 774 284 486 795 100 939 339 0 
