0 27 963 932 918 782 
27 0 715 300 596 52 
963 715 0 167 445 777 
932 300 167 0 776 897 
918 596 445 776 0 471 
782 52 777 897 471 0 
