Graph: 
0 38 945 211 104 52 12 437 207 
38 0 290 363 965 353 597 10 187 
945 290 0 510 623 852 890 518 900 
211 363 510 0 797 923 383 763 282 
104 965 623 797 0 307 245 604 46 
52 353 852 923 307 0 215 343 196 
12 597 890 383 245 215 0 838 177 
437 10 518 763 604 343 838 0 837 
207 187 900 282 46 196 177 837 0 

Hamilton Path: 
Cost = 1280; Path = 2, 1, 7, 5, 0, 6, 4, 8, 3
