0 811 504 116 521 535 127 573 712 164 740 237 340 390 
811 0 385 352 316 501 541 149 80 804 900 355 570 444 
504 385 0 110 884 583 663 402 101 763 922 982 547 514 
116 352 110 0 799 534 767 184 326 865 90 932 610 714 
521 316 884 799 0 990 951 415 161 902 7 936 963 666 
535 501 583 534 990 0 76 637 13 678 474 473 736 704 
127 541 663 767 951 76 0 756 987 804 881 764 899 606 
573 149 402 184 415 637 756 0 380 265 565 603 902 219 
712 80 101 326 161 13 987 380 0 11 687 804 48 760 
164 804 763 865 902 678 804 265 11 0 278 698 397 473 
740 900 922 90 7 474 881 565 687 278 0 209 769 734 
237 355 982 932 936 473 764 603 804 698 209 0 883 749 
340 570 547 610 963 736 899 902 48 397 769 883 0 24 
390 444 514 714 666 704 606 219 760 473 734 749 24 0 
