0 814 416 821 812 182 27 124 177 356 180 689 205 113 
814 0 627 749 511 655 119 102 626 709 912 313 347 184 
416 627 0 585 228 135 519 320 137 407 137 307 633 652 
821 749 585 0 405 243 655 365 583 836 13 456 40 926 
812 511 228 405 0 325 46 564 450 509 401 185 671 626 
182 655 135 243 325 0 487 63 787 166 850 521 409 776 
27 119 519 655 46 487 0 639 610 726 728 172 111 775 
124 102 320 365 564 63 639 0 284 471 804 334 818 409 
177 626 137 583 450 787 610 284 0 206 504 602 537 778 
356 709 407 836 509 166 726 471 206 0 269 267 321 945 
180 912 137 13 401 850 728 804 504 269 0 599 397 518 
689 313 307 456 185 521 172 334 602 267 599 0 631 920 
205 347 633 40 671 409 111 818 537 321 397 631 0 970 
113 184 652 926 626 776 775 409 778 945 518 920 970 0 
