Graph: 
0 295 379 749 674 24 65 251 129 345 675 
295 0 562 124 786 548 812 650 230 429 339 
379 562 0 288 493 406 653 345 782 709 241 
749 124 288 0 706 368 606 372 842 377 349 
674 786 493 706 0 883 768 628 272 870 339 
24 548 406 368 883 0 512 638 987 350 326 
65 812 653 606 768 512 0 535 702 267 817 
251 650 345 372 628 638 535 0 448 593 310 
129 230 782 842 272 987 702 448 0 570 452 
345 429 709 377 870 350 267 593 570 0 80 
675 339 241 349 339 326 817 310 452 80 0 

Hamilton Path: 
Cost = 2005; Path = 4, 8, 1, 3, 2, 7, 10, 9, 6, 0, 5
