0 549 60 371 80 70 107 776 439 215 361 772 778 908 939 
549 0 618 38 448 18 985 361 856 87 538 698 959 63 140 
60 618 0 560 705 578 583 342 528 35 920 275 991 318 854 
371 38 560 0 940 487 522 424 920 885 43 947 142 820 65 
80 448 705 940 0 71 191 857 240 282 545 180 891 830 75 
70 18 578 487 71 0 802 740 618 508 909 819 898 894 500 
107 985 583 522 191 802 0 873 496 462 402 206 547 947 613 
776 361 342 424 857 740 873 0 929 430 288 8 636 126 18 
439 856 528 920 240 618 496 929 0 434 525 848 909 631 283 
215 87 35 885 282 508 462 430 434 0 16 412 294 714 582 
361 538 920 43 545 909 402 288 525 16 0 150 314 601 578 
772 698 275 947 180 819 206 8 848 412 150 0 931 723 929 
778 959 991 142 891 898 547 636 909 294 314 931 0 231 901 
908 63 318 820 830 894 947 126 631 714 601 723 231 0 653 
939 140 854 65 75 500 613 18 283 582 578 929 901 653 0 
