Graph: 
0 305 50 95 337 376 606 905 220 674 396 399 499 55 651 
305 0 252 836 226 492 204 639 448 960 861 411 903 833 95 
50 252 0 179 168 786 869 229 759 627 359 23 3 437 90 
95 836 179 0 882 463 317 230 394 602 787 865 698 268 50 
337 226 168 882 0 236 861 299 992 470 74 537 931 947 867 
376 492 786 463 236 0 641 628 882 673 635 551 243 146 668 
606 204 869 317 861 641 0 734 459 447 160 602 241 813 727 
905 639 229 230 299 628 734 0 538 100 497 5 715 598 978 
220 448 759 394 992 882 459 538 0 174 576 719 390 896 191 
674 960 627 602 470 673 447 100 174 0 208 122 968 416 897 
396 861 359 787 74 635 160 497 576 208 0 982 457 674 957 
399 411 23 865 537 551 602 5 719 122 982 0 538 59 356 
499 903 3 698 931 243 241 715 390 968 457 538 0 126 89 
55 833 437 268 947 146 813 598 896 416 674 59 126 0 142 
651 95 90 50 867 668 727 978 191 897 957 356 89 142 0 

Hamilton Path: 
Cost = 1400; Path = 5, 4, 10, 6, 1, 14, 3, 0, 13, 12, 2, 11, 7, 9, 8
