Graph: 
0 832 867 315 28 943 
832 0 46 304 44 850 
867 46 0 76 610 466 
315 304 76 0 344 769 
28 44 610 344 0 772 
943 850 466 769 772 0 

Hamilton Path: 
Cost = 899; Path = 3, 0, 4, 1, 2, 5
