0 435 768 270 836 986 108 172 
435 0 877 39 991 612 243 547 
768 877 0 207 139 813 971 573 
270 39 207 0 582 152 576 684 
836 991 139 582 0 156 442 743 
986 612 813 152 156 0 565 998 
108 243 971 576 442 565 0 610 
172 547 573 684 743 998 610 0 
