Graph: 
0 141 70 479 757 945 264 918 206 835 
141 0 736 949 204 897 773 195 121 136 
70 736 0 799 292 44 945 621 991 460 
479 949 799 0 661 614 116 980 428 344 
757 204 292 661 0 194 676 997 310 582 
945 897 44 614 194 0 114 745 805 180 
264 773 945 116 676 114 0 933 15 371 
918 195 621 980 997 745 933 0 603 987 
206 121 991 428 310 805 15 603 0 74 
835 136 460 344 582 180 371 987 74 0 

Hamilton Path: 
Cost = 1277; Path = 3, 6, 8, 9, 5, 4, 2, 0, 1, 7
