Graph: 
0 386 658 347 87 569 480 
386 0 898 524 623 544 758 
658 898 0 149 425 776 672 
347 524 149 0 676 221 635 
87 623 425 676 0 671 31 
569 544 776 221 671 0 137 
480 758 672 635 31 137 0 

Hamilton Path: 
Cost = 1011; Path = 1, 0, 4, 6, 5, 3, 2
