0 655 753 204 177 573 486 230 47 41 803 425 52 
655 0 69 398 441 522 715 420 987 354 949 333 12 
753 69 0 164 413 93 332 934 720 179 939 134 131 
204 398 164 0 396 860 571 6 796 555 967 197 722 
177 441 413 396 0 948 99 298 469 56 695 99 445 
573 522 93 860 948 0 979 204 81 240 228 960 360 
486 715 332 571 99 979 0 346 729 22 305 831 152 
230 420 934 6 298 204 346 0 226 540 271 393 15 
47 987 720 796 469 81 729 226 0 258 68 426 42 
41 354 179 555 56 240 22 540 258 0 51 675 739 
803 949 939 967 695 228 305 271 68 51 0 776 207 
425 333 134 197 99 960 831 393 426 675 776 0 880 
52 12 131 722 445 360 152 15 42 739 207 880 0 
