Graph: 
0 348 203 476 954 861 304 406 698 374 783 942 426 553 508 
348 0 777 714 191 647 128 930 531 183 27 273 575 223 714 
203 777 0 771 89 473 893 911 461 168 57 866 700 526 7 
476 714 771 0 127 889 128 7 410 783 859 469 686 835 904 
954 191 89 127 0 31 153 553 220 841 889 161 929 723 469 
861 647 473 889 31 0 825 893 898 504 569 878 944 808 11 
304 128 893 128 153 825 0 583 188 536 123 371 725 962 978 
406 930 911 7 553 893 583 0 345 685 992 492 344 338 20 
698 531 461 410 220 898 188 345 0 358 414 557 312 417 908 
374 183 168 783 841 504 536 685 358 0 214 665 321 806 356 
783 27 57 859 889 569 123 992 414 214 0 450 869 683 451 
942 273 866 469 161 878 371 492 557 665 450 0 245 246 356 
426 575 700 686 929 944 725 344 312 321 869 245 0 72 173 
553 223 526 835 723 808 962 338 417 806 683 246 72 0 959 
508 714 7 904 469 11 978 20 908 356 451 356 173 959 0 

Hamilton Path: 
Cost = 1655; Path = 0, 2, 10, 1, 9, 12, 13, 11, 4, 5, 14, 7, 3, 6, 8
