0 544 318 69 238 662 430 171 467 15 295 
544 0 50 77 653 642 778 110 379 937 613 
318 50 0 466 957 873 877 436 455 320 648 
69 77 466 0 819 29 791 877 419 111 639 
238 653 957 819 0 744 343 264 525 416 462 
662 642 873 29 744 0 625 642 608 475 896 
430 778 877 791 343 625 0 997 750 160 262 
171 110 436 877 264 642 997 0 598 408 984 
467 379 455 419 525 608 750 598 0 308 338 
15 937 320 111 416 475 160 408 308 0 966 
295 613 648 639 462 896 262 984 338 966 0 
