0 59 289 489 609 953 840 366 898 765 513 
59 0 527 75 767 429 565 946 126 576 392 
289 527 0 51 325 673 130 773 973 681 840 
489 75 51 0 338 79 383 816 600 657 147 
609 767 325 338 0 423 134 248 753 494 618 
953 429 673 79 423 0 719 117 522 88 947 
840 565 130 383 134 719 0 656 423 773 970 
366 946 773 816 248 117 656 0 358 314 911 
898 126 973 600 753 522 423 358 0 498 633 
765 576 681 657 494 88 773 314 498 0 917 
513 392 840 147 618 947 970 911 633 917 0 
