Graph: 
0 900 957 668 568 915 553 312 417 885 817 587 570 850 680 
900 0 236 105 479 540 239 649 998 284 706 307 608 584 17 
957 236 0 799 245 536 193 31 851 11 963 204 196 251 862 
668 105 799 0 195 810 520 401 4 151 85 267 850 513 828 
568 479 245 195 0 160 530 957 970 763 61 148 668 534 814 
915 540 536 810 160 0 731 476 927 396 376 322 954 355 334 
553 239 193 520 530 731 0 619 614 11 349 949 182 622 764 
312 649 31 401 957 476 619 0 310 815 479 62 369 501 471 
417 998 851 4 970 927 614 310 0 181 690 246 767 525 270 
885 284 11 151 763 396 11 815 181 0 993 344 334 279 246 
817 706 963 85 61 376 349 479 690 993 0 910 301 934 97 
587 307 204 267 148 322 949 62 246 344 910 0 834 26 766 
570 608 196 850 668 954 182 369 767 334 301 834 0 2 235 
850 584 251 513 534 355 622 501 525 279 934 26 2 0 392 
680 17 862 828 814 334 764 471 270 246 97 766 235 392 0 

Hamilton Path: 
Cost = 1265; Path = 0, 7, 2, 9, 6, 12, 13, 11, 8, 3, 1, 14, 10, 4, 5
