0 34 544 229 855 34 505 243 483 986 257 790 976 757 
34 0 442 463 980 506 144 917 39 21 430 627 648 893 
544 442 0 711 7 286 769 599 576 604 388 842 284 496 
229 463 711 0 343 362 430 151 348 72 702 77 497 344 
855 980 7 343 0 118 971 926 530 43 64 537 519 652 
34 506 286 362 118 0 159 733 637 115 707 977 122 419 
505 144 769 430 971 159 0 355 78 757 279 500 165 331 
243 917 599 151 926 733 355 0 621 21 489 496 357 297 
483 39 576 348 530 637 78 621 0 842 123 968 928 859 
986 21 604 72 43 115 757 21 842 0 690 766 44 407 
257 430 388 702 64 707 279 489 123 690 0 685 485 947 
790 627 842 77 537 977 500 496 968 766 685 0 895 287 
976 648 284 497 519 122 165 357 928 44 485 895 0 993 
757 893 496 344 652 419 331 297 859 407 947 287 993 0 
