0 809 643 545 720 104 418 369 819 312 822 439 690 
809 0 368 790 915 920 146 950 8 667 623 693 441 
643 368 0 892 496 925 342 503 221 537 127 865 59 
545 790 892 0 273 851 37 806 793 126 726 738 976 
720 915 496 273 0 932 238 475 230 235 29 315 105 
104 920 925 851 932 0 18 572 483 379 962 319 478 
418 146 342 37 238 18 0 989 791 446 305 731 804 
369 950 503 806 475 572 989 0 956 792 12 96 911 
819 8 221 793 230 483 791 956 0 455 58 488 2 
312 667 537 126 235 379 446 792 455 0 365 52 638 
822 623 127 726 29 962 305 12 58 365 0 311 923 
439 693 865 738 315 319 731 96 488 52 311 0 157 
690 441 59 976 105 478 804 911 2 638 923 157 0 
