Graph: 
0 518 629 839 478 520 810 434 675 29 828 84 
518 0 189 667 175 209 801 804 499 920 916 825 
629 189 0 764 484 374 286 368 842 971 493 821 
839 667 764 0 792 575 619 11 463 983 489 828 
478 175 484 792 0 895 589 856 844 866 889 811 
520 209 374 575 895 0 225 657 279 13 119 107 
810 801 286 619 589 225 0 956 180 785 303 521 
434 804 368 11 856 657 956 0 178 399 613 499 
675 499 842 463 844 279 180 178 0 715 180 984 
29 920 971 983 866 13 785 399 715 0 126 949 
828 916 493 489 889 119 303 613 180 126 0 57 
84 825 821 828 811 107 521 499 984 949 57 0 

Hamilton Path: 
Cost = 1427; Path = 3, 7, 8, 10, 11, 0, 9, 5, 6, 2, 1, 4
