0 797 916 91 211 913 250 553 
797 0 977 399 492 520 816 521 
916 977 0 533 519 328 452 167 
91 399 533 0 432 157 564 675 
211 492 519 432 0 965 829 361 
913 520 328 157 965 0 236 507 
250 816 452 564 829 236 0 206 
553 521 167 675 361 507 206 0 
