Graph: 
0 802 967 794 248 100 450 324 840 258 384 477 
802 0 890 469 188 720 679 637 912 591 635 329 
967 890 0 968 644 870 241 869 161 223 275 21 
794 469 968 0 740 550 800 391 16 888 121 403 
248 188 644 740 0 24 713 526 88 646 152 942 
100 720 870 550 24 0 116 27 476 298 47 941 
450 679 241 800 713 116 0 885 559 541 883 362 
324 637 869 391 526 27 885 0 156 805 988 348 
840 912 161 16 88 476 559 156 0 907 19 732 
258 591 223 888 646 298 541 805 907 0 398 578 
384 635 275 121 152 47 883 988 19 398 0 83 
477 329 21 403 942 941 362 348 732 578 83 0 

Hamilton Path: 
Cost = 1457; Path = 1, 4, 0, 9, 2, 11, 10, 3, 8, 7, 5, 6
