0 386 451 51 884 96 174 816 136 832 295 
386 0 375 292 126 177 534 829 881 569 230 
451 375 0 605 727 304 881 24 94 995 736 
51 292 605 0 124 433 601 341 126 342 53 
884 126 727 124 0 920 313 370 251 317 403 
96 177 304 433 920 0 185 111 917 76 775 
174 534 881 601 313 185 0 447 383 243 384 
816 829 24 341 370 111 447 0 735 133 749 
136 881 94 126 251 917 383 735 0 83 45 
832 569 995 342 317 76 243 133 83 0 531 
295 230 736 53 403 775 384 749 45 531 0 
