Graph: 
0 554 332 612 140 508 338 772 840 
554 0 157 541 518 300 321 638 537 
332 157 0 696 946 509 390 859 636 
612 541 696 0 266 83 302 16 911 
140 518 946 266 0 789 248 593 374 
508 300 509 83 789 0 259 696 865 
338 321 390 302 248 259 0 93 414 
772 638 859 16 593 696 93 0 924 
840 537 636 911 374 865 414 924 0 

Hamilton Path: 
Cost = 1495; Path = 6, 7, 3, 5, 1, 2, 0, 4, 8
