0 759 512 461 188 744 223 357 307 
759 0 992 358 466 773 784 206 33 
512 992 0 646 27 675 811 89 40 
461 358 646 0 570 864 210 322 386 
188 466 27 570 0 548 633 120 294 
744 773 675 864 548 0 35 451 991 
223 784 811 210 633 35 0 340 996 
357 206 89 322 120 451 340 0 524 
307 33 40 386 294 991 996 524 0 
