0 494 239 411 204 822 185 
494 0 603 963 781 931 272 
239 603 0 296 54 396 952 
411 963 296 0 338 125 180 
204 781 54 338 0 468 428 
822 931 396 125 468 0 627 
185 272 952 180 428 627 0 
