Graph: 
0 769 114 412 683 644 520 944 622 26 
769 0 52 357 336 697 880 373 630 792 
114 52 0 787 621 366 743 240 798 817 
412 357 787 0 915 343 652 721 229 147 
683 336 621 915 0 92 102 183 41 995 
644 697 366 343 92 0 763 289 62 459 
520 880 743 652 102 763 0 306 25 985 
944 373 240 721 183 289 306 0 353 904 
622 630 798 229 41 62 25 353 0 213 
26 792 817 147 995 459 985 904 213 0 

Hamilton Path: 
Cost = 1054; Path = 1, 2, 0, 9, 3, 5, 8, 6, 4, 7
