0 985 351 906 358 428 994 18 673 574 999 966 724 108 
985 0 842 631 232 643 38 949 677 521 18 401 789 636 
351 842 0 978 743 970 394 298 372 428 116 543 805 119 
906 631 978 0 203 414 386 636 206 868 98 270 46 928 
358 232 743 203 0 459 911 138 919 143 56 493 420 976 
428 643 970 414 459 0 454 45 181 688 607 932 517 617 
994 38 394 386 911 454 0 75 609 56 685 282 965 69 
18 949 298 636 138 45 75 0 413 255 603 559 517 687 
673 677 372 206 919 181 609 413 0 190 444 66 768 602 
574 521 428 868 143 688 56 255 190 0 80 830 765 475 
999 18 116 98 56 607 685 603 444 80 0 221 962 100 
966 401 543 270 493 932 282 559 66 830 221 0 693 643 
724 789 805 46 420 517 965 517 768 765 962 693 0 11 
108 636 119 928 976 617 69 687 602 475 100 643 11 0 
