0 741 899 357 49 217 323 294 
741 0 166 611 176 618 636 943 
899 166 0 788 4 260 32 245 
357 611 788 0 626 865 514 357 
49 176 4 626 0 262 34 468 
217 618 260 865 262 0 718 222 
323 636 32 514 34 718 0 743 
294 943 245 357 468 222 743 0 
