Graph: 
0 45 576 37 57 308 388 961 
45 0 540 47 886 207 181 69 
576 540 0 25 469 191 531 914 
37 47 25 0 720 897 898 608 
57 886 469 720 0 758 435 866 
308 207 191 897 758 0 327 692 
388 181 531 898 435 327 0 194 
961 69 914 608 866 692 194 0 

Hamilton Path: 
Cost = 780; Path = 4, 0, 3, 2, 5, 1, 7, 6
