Graph: 
0 940 448 379 146 196 832 
940 0 751 743 202 237 515 
448 751 0 223 240 86 812 
379 743 223 0 7 673 908 
146 202 240 7 0 570 230 
196 237 86 673 570 0 382 
832 515 812 908 230 382 0 

Hamilton Path: 
Cost = 1214; Path = 0, 4, 3, 2, 5, 1, 6
