Graph: 
0 120 668 566 241 656 578 970 590 610 612 150 
120 0 708 640 747 294 190 877 660 769 678 791 
668 708 0 804 291 447 858 716 703 243 610 992 
566 640 804 0 702 713 849 442 154 855 511 123 
241 747 291 702 0 463 278 376 468 352 644 263 
656 294 447 713 463 0 568 915 189 94 128 888 
578 190 858 849 278 568 0 128 691 938 219 112 
970 877 716 442 376 915 128 0 102 845 747 157 
590 660 703 154 468 189 691 102 0 615 775 631 
610 769 243 855 352 94 938 845 615 0 646 998 
612 678 610 511 644 128 219 747 775 646 0 501 
150 791 992 123 263 888 112 157 631 998 501 0 

Hamilton Path: 
Cost = 1752; Path = 1, 0, 11, 3, 8, 7, 6, 10, 5, 9, 2, 4
