0 947 877 462 163 370 306 24 529 963 368 922 
947 0 42 274 730 721 176 474 218 919 692 403 
877 42 0 700 786 339 357 926 834 240 168 116 
462 274 700 0 774 958 185 976 944 621 863 486 
163 730 786 774 0 19 314 778 753 865 296 496 
370 721 339 958 19 0 329 543 655 919 903 157 
306 176 357 185 314 329 0 222 473 34 647 940 
24 474 926 976 778 543 222 0 631 35 3 200 
529 218 834 944 753 655 473 631 0 273 414 568 
963 919 240 621 865 919 34 35 273 0 710 939 
368 692 168 863 296 903 647 3 414 710 0 425 
922 403 116 486 496 157 940 200 568 939 425 0 
