Graph: 
0 575 780 234 875 756 471 268 118 601 773 
575 0 328 728 790 772 646 130 137 215 504 
780 328 0 266 276 22 357 798 462 219 0 
234 728 266 0 507 399 448 792 291 425 545 
875 790 276 507 0 432 884 174 855 637 853 
756 772 22 399 432 0 262 355 523 639 575 
471 646 357 448 884 262 0 177 282 896 237 
268 130 798 792 174 355 177 0 983 18 107 
118 137 462 291 855 523 282 983 0 246 952 
601 215 219 425 637 639 896 18 246 0 598 
773 504 0 545 853 575 237 107 952 598 0 

Hamilton Path: 
Cost = 1554; Path = 4, 7, 9, 1, 8, 0, 3, 5, 2, 10, 6
