0 689 335 28 94 661 545 491 
689 0 272 959 334 133 303 635 
335 272 0 387 890 707 172 328 
28 959 387 0 770 253 19 462 
94 334 890 770 0 167 432 901 
661 133 707 253 167 0 746 689 
545 303 172 19 432 746 0 963 
491 635 328 462 901 689 963 0 
