Graph: 
0 860 463 699 353 740 552 894 189 
860 0 447 113 703 306 714 34 934 
463 447 0 278 811 955 450 531 600 
699 113 278 0 310 795 240 689 654 
353 703 811 310 0 894 841 318 176 
740 306 955 795 894 0 412 920 177 
552 714 450 240 841 412 0 226 117 
894 34 531 689 318 920 226 0 819 
189 934 600 654 176 177 117 819 0 

Hamilton Path: 
Cost = 1761; Path = 4, 0, 2, 3, 1, 7, 6, 8, 5
