0 714 589 848 421 436 483 410 740 576 496 304 
714 0 392 788 761 658 497 164 557 786 266 424 
589 392 0 939 879 432 403 537 353 146 120 854 
848 788 939 0 97 514 982 307 120 122 397 541 
421 761 879 97 0 858 349 921 366 837 732 867 
436 658 432 514 858 0 415 251 56 713 543 688 
483 497 403 982 349 415 0 42 781 554 276 379 
410 164 537 307 921 251 42 0 204 421 458 21 
740 557 353 120 366 56 781 204 0 91 675 321 
576 786 146 122 837 713 554 421 91 0 173 743 
496 266 120 397 732 543 276 458 675 173 0 316 
304 424 854 541 867 688 379 21 321 743 316 0 
