Graph: 
0 581 754 964 977 408 840 
581 0 567 520 175 746 789 
754 567 0 240 260 87 892 
964 520 240 0 107 349 474 
977 175 260 107 0 370 34 
408 746 87 349 370 0 256 
840 789 892 474 34 256 0 

Hamilton Path: 
Cost = 1373; Path = 0, 1, 4, 6, 5, 2, 3
