0 90 509 540 60 608 790 240 279 
90 0 185 14 807 838 930 318 675 
509 185 0 912 737 404 750 435 843 
540 14 912 0 653 535 878 658 754 
60 807 737 653 0 401 848 170 677 
608 838 404 535 401 0 187 875 285 
790 930 750 878 848 187 0 618 60 
240 318 435 658 170 875 618 0 635 
279 675 843 754 677 285 60 635 0 
