0 592 384 941 470 198 807 646 403 629 894 946 643 745 
592 0 320 835 90 71 520 831 498 770 175 552 288 268 
384 320 0 292 892 786 676 8 39 636 634 311 189 974 
941 835 292 0 520 142 491 162 462 34 908 778 654 449 
470 90 892 520 0 390 949 149 428 868 31 685 177 978 
198 71 786 142 390 0 373 84 497 239 450 207 749 372 
807 520 676 491 949 373 0 887 953 161 764 583 40 47 
646 831 8 162 149 84 887 0 735 101 308 686 456 274 
403 498 39 462 428 497 953 735 0 263 774 394 81 154 
629 770 636 34 868 239 161 101 263 0 370 481 134 653 
894 175 634 908 31 450 764 308 774 370 0 736 484 126 
946 552 311 778 685 207 583 686 394 481 736 0 730 6 
643 288 189 654 177 749 40 456 81 134 484 730 0 183 
745 268 974 449 978 372 47 274 154 653 126 6 183 0 
