Graph: 
0 936 143 634 132 141 131 888 430 185 220 48 79 
936 0 568 242 570 659 276 481 44 260 796 662 453 
143 568 0 968 238 267 195 61 837 979 388 506 741 
634 242 968 0 190 36 121 782 384 399 140 852 286 
132 570 238 190 0 97 248 562 580 818 754 679 945 
141 659 267 36 97 0 748 927 814 231 333 40 15 
131 276 195 121 248 748 0 31 295 590 865 101 216 
888 481 61 782 562 927 31 0 810 539 879 139 722 
430 44 837 384 580 814 295 810 0 572 313 194 429 
185 260 979 399 818 231 590 539 572 0 130 352 516 
220 796 388 140 754 333 865 879 313 130 0 757 298 
48 662 506 852 679 40 101 139 194 352 757 0 941 
79 453 741 286 945 15 216 722 429 516 298 941 0 

Hamilton Path: 
Cost = 1183; Path = 4, 2, 7, 6, 11, 0, 12, 5, 3, 10, 9, 1, 8
