Graph: 
0 972 221 183 216 109 483 25 414 
972 0 486 101 308 130 964 709 713 
221 486 0 595 885 400 811 762 629 
183 101 595 0 946 992 746 325 90 
216 308 885 946 0 534 236 712 356 
109 130 400 992 534 0 470 334 526 
483 964 811 746 236 470 0 143 585 
25 709 762 325 712 334 143 0 193 
414 713 629 90 356 526 585 193 0 

Hamilton Path: 
Cost = 1223; Path = 2, 0, 5, 1, 3, 8, 7, 6, 4
