Graph: 
0 360 134 42 277 543 977 726 835 454 
360 0 899 787 939 128 423 274 951 581 
134 899 0 90 41 418 107 77 233 850 
42 787 90 0 984 327 574 829 482 666 
277 939 41 984 0 865 273 458 132 776 
543 128 418 327 865 0 686 820 326 730 
977 423 107 574 273 686 0 85 895 696 
726 274 77 829 458 820 85 0 871 456 
835 951 233 482 132 326 895 871 0 112 
454 581 850 666 776 730 696 456 112 0 

Hamilton Path: 
Cost = 1247; Path = 5, 1, 7, 6, 2, 3, 0, 4, 8, 9
