Graph: 
0 251 419 319 465 148 846 554 398 183 
251 0 727 156 571 946 705 493 707 145 
419 727 0 718 917 42 342 122 411 774 
319 156 718 0 138 854 865 373 499 942 
465 571 917 138 0 921 147 977 480 266 
148 946 42 854 921 0 172 962 625 864 
846 705 342 865 147 172 0 293 522 485 
554 493 122 373 977 962 293 0 898 108 
398 707 411 499 480 625 522 898 0 296 
183 145 774 942 266 864 485 108 296 0 

Hamilton Path: 
Cost = 1404; Path = 6, 4, 3, 1, 9, 7, 2, 5, 0, 8
