Graph: 
0 735 350 57 842 284 488 998 658 6 828 
735 0 19 365 759 852 534 877 466 584 596 
350 19 0 772 480 608 507 339 457 372 167 
57 365 772 0 532 398 621 173 171 173 698 
842 759 480 532 0 367 964 423 265 47 509 
284 852 608 398 367 0 774 922 794 992 42 
488 534 507 621 964 774 0 29 264 618 705 
998 877 339 173 423 922 29 0 468 204 15 
658 466 457 171 265 794 264 468 0 45 124 
6 584 372 173 47 992 618 204 45 0 564 
828 596 167 698 509 42 705 15 124 564 0 

Hamilton Path: 
Cost = 1109; Path = 2, 1, 3, 0, 9, 4, 8, 6, 7, 10, 5
