Graph: 
0 427 346 689 338 982 
427 0 150 270 324 83 
346 150 0 926 935 443 
689 270 926 0 154 586 
338 324 935 154 0 45 
982 83 443 586 45 0 

Hamilton Path: 
Cost = 778; Path = 0, 2, 1, 5, 4, 3
