Graph: 
0 689 442 319 576 787 112 576 
689 0 204 117 562 488 790 175 
442 204 0 106 463 897 517 555 
319 117 106 0 413 32 477 682 
576 562 463 413 0 283 692 690 
787 488 897 32 283 0 149 593 
112 790 517 477 692 149 0 801 
576 175 555 682 690 593 801 0 

Hamilton Path: 
Cost = 1348; Path = 4, 5, 6, 0, 3, 2, 1, 7
