Graph: 
0 583 899 679 0 509 641 830 959 674 
583 0 25 633 438 358 187 767 282 251 
899 25 0 701 279 935 551 717 415 524 
679 633 701 0 749 700 160 578 333 10 
0 438 279 749 0 291 275 552 571 742 
509 358 935 700 291 0 253 650 197 259 
641 187 551 160 275 253 0 644 315 477 
830 767 717 578 552 650 644 0 436 133 
959 282 415 333 571 197 315 436 0 415 
674 251 524 10 742 259 477 133 415 0 

Hamilton Path: 
Cost = 1339; Path = 0, 4, 2, 1, 8, 5, 6, 3, 9, 7
