Graph: 
0 880 603 629 906 948 337 335 875 575 905 
880 0 160 277 764 973 589 274 961 65 762 
603 160 0 964 760 802 516 693 774 184 779 
629 277 964 0 243 782 517 371 933 917 433 
906 764 760 243 0 849 525 682 424 159 99 
948 973 802 782 849 0 868 604 66 731 604 
337 589 516 517 525 868 0 552 719 995 288 
335 274 693 371 682 604 552 0 510 788 63 
875 961 774 933 424 66 719 510 0 259 393 
575 65 184 917 159 731 995 788 259 0 154 
905 762 779 433 99 604 288 63 393 154 0 

Hamilton Path: 
Cost = 2023; Path = 5, 8, 9, 2, 1, 3, 4, 10, 7, 0, 6
