Graph: 
0 85 160 36 77 375 903 745 925 
85 0 858 319 116 350 79 157 934 
160 858 0 773 351 166 870 927 798 
36 319 773 0 498 101 525 882 486 
77 116 351 498 0 606 141 893 8 
375 350 166 101 606 0 0 363 525 
903 79 870 525 141 0 0 308 373 
745 157 927 882 893 363 308 0 284 
925 934 798 486 8 525 373 284 0 

Hamilton Path: 
Cost = 784; Path = 2, 0, 3, 5, 6, 1, 4, 8, 7
