Graph: 
0 244 725 521 534 902 355 831 297 144 422 
244 0 207 555 882 45 346 488 854 978 894 
725 207 0 76 50 341 738 194 185 435 176 
521 555 76 0 731 948 129 192 284 640 957 
534 882 50 731 0 651 933 550 327 404 299 
902 45 341 948 651 0 563 249 570 112 615 
355 346 738 129 933 563 0 121 752 843 736 
831 488 194 192 550 249 121 0 521 399 801 
297 854 185 284 327 570 752 521 0 995 28 
144 978 435 640 404 112 843 399 995 0 83 
422 894 176 957 299 615 736 801 28 83 0 

Hamilton Path: 
Cost = 1169; Path = 4, 2, 3, 6, 7, 5, 1, 0, 9, 10, 8
