Graph: 
0 343 149 717 526 825 962 482 877 806 
343 0 551 215 447 454 869 112 169 133 
149 551 0 576 14 215 677 505 77 265 
717 215 576 0 879 943 348 730 948 895 
526 447 14 879 0 471 731 713 963 821 
825 454 215 943 471 0 963 268 461 473 
962 869 677 348 731 963 0 19 662 577 
482 112 505 730 713 268 19 0 619 294 
877 169 77 948 963 461 662 619 0 961 
806 133 265 895 821 473 577 294 961 0 

Hamilton Path: 
Cost = 2027; Path = 0, 4, 2, 8, 1, 9, 5, 7, 6, 3
