Graph: 
0 487 615 86 771 736 474 33 400 799 972 
487 0 918 41 721 32 120 965 112 287 709 
615 918 0 978 551 939 623 734 424 202 978 
86 41 978 0 753 870 774 260 950 857 863 
771 721 551 753 0 355 365 470 460 190 695 
736 32 939 870 355 0 204 379 240 68 943 
474 120 623 774 365 204 0 268 473 148 143 
33 965 734 260 470 379 268 0 778 725 718 
400 112 424 950 460 240 473 778 0 220 451 
799 287 202 857 190 68 148 725 220 0 933 
972 709 978 863 695 943 143 718 451 933 0 

Hamilton Path: 
Cost = 1659; Path = 4, 9, 2, 8, 5, 1, 3, 0, 7, 6, 10
