Graph: 
0 197 299 848 631 114 62 
197 0 412 369 220 551 798 
299 412 0 292 9 994 438 
848 369 292 0 810 846 770 
631 220 9 810 0 539 477 
114 551 994 846 539 0 533 
62 798 438 770 477 533 0 

Hamilton Path: 
Cost = 1212; Path = 3, 1, 4, 2, 6, 0, 5
