Graph: 
0 125 843 40 819 787 157 451 978 
125 0 768 665 615 504 714 385 130 
843 768 0 347 357 423 655 349 699 
40 665 347 0 185 314 728 807 176 
819 615 357 185 0 90 306 265 736 
787 504 423 314 90 0 223 238 789 
157 714 655 728 306 223 0 648 887 
451 385 349 807 265 238 648 0 243 
978 130 699 176 736 789 887 243 0 

Hamilton Path: 
Cost = 1385; Path = 2, 7, 8, 1, 0, 3, 4, 5, 6
