Graph: 
0 159 895 218 608 944 36 
159 0 427 328 193 804 766 
895 427 0 405 517 341 798 
218 328 405 0 949 553 416 
608 193 517 949 0 122 282 
944 804 341 553 122 0 333 
36 766 798 416 282 333 0 

Hamilton Path: 
Cost = 1238; Path = 2, 5, 4, 1, 3, 0, 6
