Graph: 
0 497 523 122 432 65 978 
497 0 870 669 456 723 495 
523 870 0 186 73 410 378 
122 669 186 0 955 197 599 
432 456 73 955 0 426 686 
65 723 410 197 426 0 598 
978 495 378 599 686 598 0 

Hamilton Path: 
Cost = 1397; Path = 5, 0, 3, 2, 4, 1, 6
