Graph: 
0 377 855 438 898 196 444 874 991 
377 0 656 692 457 638 59 78 693 
855 656 0 667 638 22 232 148 944 
438 692 667 0 571 106 728 14 367 
898 457 638 571 0 268 132 899 595 
196 638 22 106 268 0 405 953 71 
444 59 232 728 132 405 0 519 957 
874 78 148 14 899 953 519 0 154 
991 693 944 367 595 71 957 154 0 

Hamilton Path: 
Cost = 1261; Path = 4, 6, 1, 0, 3, 7, 2, 5, 8
