Graph: 
0 613 910 44 990 471 981 571 167 
613 0 816 623 537 974 838 27 508 
910 816 0 504 434 282 715 12 779 
44 623 504 0 665 835 363 976 364 
990 537 434 665 0 217 495 602 946 
471 974 282 835 217 0 723 638 297 
981 838 715 363 495 723 0 75 707 
571 27 12 976 602 638 75 0 635 
167 508 779 364 946 297 707 635 0 

Hamilton Path: 
Cost = 1561; Path = 1, 7, 2, 4, 5, 8, 0, 3, 6
