Graph: 
0 887 991 341 672 766 622 637 
887 0 789 249 588 107 670 685 
991 789 0 540 698 723 297 389 
341 249 540 0 794 840 870 143 
672 588 698 794 0 591 887 956 
766 107 723 840 591 0 812 999 
622 670 297 870 887 812 0 691 
637 685 389 143 956 999 691 0 

Hamilton Path: 
Cost = 2398; Path = 0, 6, 2, 7, 3, 1, 5, 4
