Graph: 
0 2 203 231 741 275 702 
2 0 744 373 668 348 767 
203 744 0 201 174 683 218 
231 373 201 0 379 718 930 
741 668 174 379 0 840 474 
275 348 683 718 840 0 414 
702 767 218 930 474 414 0 

Hamilton Path: 
Cost = 1352; Path = 5, 1, 0, 3, 4, 2, 6
