Graph: 
0 692 895 724 782 927 261 31 
692 0 120 253 36 905 638 446 
895 120 0 449 863 412 77 560 
724 253 449 0 362 713 31 104 
782 36 863 362 0 892 884 17 
927 905 412 713 892 0 693 346 
261 638 77 31 884 693 0 483 
31 446 560 104 17 346 483 0 

Hamilton Path: 
Cost = 857; Path = 0, 7, 4, 1, 3, 6, 2, 5
