Graph: 
0 357 445 240 704 923 545 
357 0 12 461 220 423 645 
445 12 0 840 753 167 578 
240 461 840 0 330 362 809 
704 220 753 330 0 430 477 
923 423 167 362 430 0 996 
545 645 578 809 477 996 0 

Hamilton Path: 
Cost = 1478; Path = 0, 3, 5, 2, 1, 4, 6
