Graph: 
0 525 119 505 757 861 403 642 
525 0 271 478 115 179 208 192 
119 271 0 387 273 900 296 408 
505 478 387 0 920 223 476 151 
757 115 273 920 0 549 694 730 
861 179 900 223 549 0 118 646 
403 208 296 476 694 118 0 103 
642 192 408 151 730 646 103 0 

Hamilton Path: 
Cost = 1058; Path = 0, 2, 4, 1, 5, 6, 7, 3
