Graph: 
0 480 186 3 754 562 1 363 
480 0 626 511 194 548 459 943 
186 626 0 501 5 687 77 887 
3 511 501 0 987 585 496 102 
754 194 5 987 0 906 281 426 
562 548 687 585 906 0 258 463 
1 459 77 496 281 258 0 679 
363 943 887 102 426 463 679 0 

Hamilton Path: 
Cost = 845; Path = 1, 4, 2, 6, 0, 3, 7, 5
