Graph: 
0 17 298 794 685 501 238 606 254 590 783 
17 0 160 705 56 470 480 465 356 735 257 
298 160 0 594 937 749 444 574 421 117 862 
794 705 594 0 343 537 311 798 809 650 342 
685 56 937 343 0 251 18 660 791 397 779 
501 470 749 537 251 0 949 267 490 601 468 
238 480 444 311 18 949 0 558 642 554 827 
606 465 574 798 660 267 558 0 29 320 223 
254 356 421 809 791 490 642 29 0 482 711 
590 735 117 650 397 601 554 320 482 0 616 
783 257 862 342 779 468 827 223 711 616 0 

Hamilton Path: 
Cost = 1722; Path = 5, 4, 6, 3, 10, 7, 8, 0, 1, 2, 9
