Graph: 
0 106 951 561 962 18 30 878 730 
106 0 18 613 852 942 963 208 722 
951 18 0 802 819 405 731 162 269 
561 613 802 0 416 394 182 270 699 
962 852 819 416 0 736 738 480 984 
18 942 405 394 736 0 885 189 276 
30 963 731 182 738 885 0 578 782 
878 208 162 270 480 189 578 0 909 
730 722 269 699 984 276 782 909 0 

Hamilton Path: 
Cost = 1330; Path = 4, 3, 6, 0, 5, 7, 1, 2, 8
