Graph: 
0 703 602 17 508 173 863 184 
703 0 114 727 377 226 91 168 
602 114 0 620 86 796 736 395 
17 727 620 0 407 352 619 225 
508 377 86 407 0 961 99 16 
173 226 796 352 961 0 920 69 
863 91 736 619 99 920 0 715 
184 168 395 225 16 69 715 0 

Hamilton Path: 
Cost = 566; Path = 3, 0, 5, 7, 4, 2, 1, 6
