Graph: 
0 675 282 620 643 400 361 968 
675 0 295 507 746 750 490 182 
282 295 0 591 840 998 297 716 
620 507 591 0 418 713 335 140 
643 746 840 418 0 605 285 364 
400 750 998 713 605 0 377 116 
361 490 297 335 285 377 0 887 
968 182 716 140 364 116 887 0 

Hamilton Path: 
Cost = 1853; Path = 1, 2, 0, 5, 7, 3, 6, 4
