Graph: 
0 557 892 309 828 775 54 313 274 
557 0 6 835 220 72 657 449 293 
892 6 0 759 919 214 295 90 19 
309 835 759 0 859 542 314 658 75 
828 220 919 859 0 513 701 709 778 
775 72 214 542 513 0 206 352 30 
54 657 295 314 701 206 0 613 767 
313 449 90 658 709 352 613 0 359 
274 293 19 75 778 30 767 359 0 

Hamilton Path: 
Cost = 994; Path = 3, 8, 5, 6, 0, 7, 2, 1, 4
