Graph: 
0 359 348 840 0 186 947 405 218 334 82 
359 0 987 781 297 449 79 582 281 458 413 
348 987 0 832 82 773 210 344 4 911 277 
840 781 832 0 873 834 718 381 38 864 305 
0 297 82 873 0 954 118 360 459 137 280 
186 449 773 834 954 0 329 620 464 745 678 
947 79 210 718 118 329 0 20 863 935 240 
405 582 344 381 360 620 20 0 618 547 291 
218 281 4 38 459 464 863 618 0 902 593 
334 458 911 864 137 745 935 547 902 0 289 
82 413 277 305 280 678 240 291 593 289 0 

Hamilton Path: 
Cost = 1298; Path = 1, 6, 7, 3, 8, 2, 4, 9, 10, 0, 5
