Graph: 
0 211 459 547 564 500 813 
211 0 322 980 35 289 98 
459 322 0 806 632 894 658 
547 980 806 0 805 165 912 
564 35 632 805 0 217 884 
500 289 894 165 217 0 305 
813 98 658 912 884 305 0 

Hamilton Path: 
Cost = 1521; Path = 2, 0, 3, 5, 4, 1, 6
