Graph: 
0 177 407 369 774 344 935 255 50 
177 0 662 317 457 989 47 693 618 
407 662 0 748 471 976 514 266 642 
369 317 748 0 41 926 224 702 648 
774 457 471 41 0 184 909 831 367 
344 989 976 926 184 0 195 770 878 
935 47 514 224 909 195 0 429 770 
255 693 266 702 831 770 429 0 41 
50 618 642 648 367 878 770 41 0 

Hamilton Path: 
Cost = 1001; Path = 2, 7, 8, 0, 1, 6, 5, 4, 3
