Graph: 
0 554 439 903 621 635 904 858 452 
554 0 90 699 746 655 809 178 565 
439 90 0 415 519 699 735 86 203 
903 699 415 0 909 862 760 236 258 
621 746 519 909 0 905 509 382 240 
635 655 699 862 905 0 662 599 852 
904 809 735 760 509 662 0 930 711 
858 178 86 236 382 599 930 0 881 
452 565 203 258 240 852 711 881 0 

Hamilton Path: 
Cost = 2585; Path = 5, 0, 2, 1, 7, 3, 8, 4, 6
