Graph: 
0 246 410 771 380 530 691 
246 0 391 884 587 619 283 
410 391 0 350 723 32 738 
771 884 350 0 717 777 711 
380 587 723 717 0 24 888 
530 619 32 777 24 0 962 
691 283 738 711 888 962 0 

Hamilton Path: 
Cost = 1315; Path = 3, 2, 5, 4, 0, 1, 6
