Graph: 
0 560 70 730 574 891 280 382 
560 0 340 383 667 509 393 237 
70 340 0 930 365 38 376 482 
730 383 930 0 832 835 275 82 
574 667 365 832 0 356 698 644 
891 509 38 835 356 0 774 949 
280 393 376 275 698 774 0 287 
382 237 482 82 644 949 287 0 

Hamilton Path: 
Cost = 1338; Path = 1, 7, 3, 6, 0, 2, 5, 4
