Graph: 
0 354 991 834 498 782 396 
354 0 96 324 746 6 797 
991 96 0 496 352 652 18 
834 324 496 0 380 681 255 
498 746 352 380 0 822 285 
782 6 652 681 822 0 452 
396 797 18 255 285 452 0 

Hamilton Path: 
Cost = 1253; Path = 0, 4, 3, 6, 2, 1, 5
