Graph: 
0 777 131 903 836 270 689 64 20 
777 0 159 504 957 313 553 885 156 
131 159 0 708 555 499 873 207 793 
903 504 708 0 306 16 476 358 7 
836 957 555 306 0 726 521 365 981 
270 313 499 16 726 0 300 362 975 
689 553 873 476 521 300 0 974 363 
64 885 207 358 365 362 974 0 97 
20 156 793 7 981 975 363 97 0 

Hamilton Path: 
Cost = 1198; Path = 4, 7, 0, 2, 1, 8, 3, 5, 6
