Graph: 
0 16 363 930 674 661 453 
16 0 653 984 483 86 67 
363 653 0 716 796 583 438 
930 984 716 0 374 37 72 
674 483 796 374 0 518 881 
661 86 583 37 518 0 186 
453 67 438 72 881 186 0 

Hamilton Path: 
Cost = 1043; Path = 2, 0, 1, 6, 5, 3, 4
