Graph: 
0 187 491 601 933 740 460 234 
187 0 828 138 852 260 479 22 
491 828 0 607 718 831 716 666 
601 138 607 0 914 579 293 970 
933 852 718 914 0 245 290 419 
740 260 831 579 245 0 852 873 
460 479 716 293 290 852 0 468 
234 22 666 970 419 873 468 0 

Hamilton Path: 
Cost = 1713; Path = 2, 0, 7, 1, 3, 6, 4, 5
