Graph: 
0 4 276 309 257 45 624 726 409 
4 0 145 446 643 389 146 863 474 
276 145 0 344 991 815 571 331 200 
309 446 344 0 653 850 746 902 573 
257 643 991 653 0 156 725 675 259 
45 389 815 850 156 0 484 877 275 
624 146 571 746 725 484 0 700 72 
726 863 331 902 675 877 700 0 792 
409 474 200 573 259 275 72 792 0 

Hamilton Path: 
Cost = 1463; Path = 3, 0, 5, 4, 8, 6, 1, 2, 7
