Graph: 
0 942 975 205 560 878 717 733 290 730 
942 0 639 160 973 749 242 429 326 477 
975 639 0 51 166 518 98 398 187 282 
205 160 51 0 996 661 489 535 572 448 
560 973 166 996 0 237 315 444 353 826 
878 749 518 661 237 0 521 83 319 86 
717 242 98 489 315 521 0 364 949 883 
733 429 398 535 444 83 364 0 385 340 
290 326 187 572 353 319 949 385 0 211 
730 477 282 448 826 86 883 340 211 0 

Hamilton Path: 
Cost = 1541; Path = 4, 2, 6, 1, 3, 0, 8, 9, 5, 7
