Graph: 
0 97 523 642 954 14 656 236 
97 0 949 445 984 28 113 399 
523 949 0 318 111 625 216 671 
642 445 318 0 196 675 444 722 
954 984 111 196 0 734 492 613 
14 28 625 675 734 0 679 285 
656 113 216 444 492 679 0 820 
236 399 671 722 613 285 820 0 

Hamilton Path: 
Cost = 914; Path = 3, 4, 2, 6, 1, 5, 0, 7
