Graph: 
0 824 485 105 782 296 508 663 724 168 526 
824 0 981 93 80 671 353 783 766 745 769 
485 981 0 697 15 427 63 176 507 590 451 
105 93 697 0 132 430 119 515 528 454 545 
782 80 15 132 0 369 597 769 166 319 163 
296 671 427 430 369 0 638 108 857 750 294 
508 353 63 119 597 638 0 121 133 612 796 
663 783 176 515 769 108 121 0 775 594 915 
724 766 507 528 166 857 133 775 0 700 816 
168 745 590 454 319 750 612 594 700 0 230 
526 769 451 545 163 294 796 915 816 230 0 

Hamilton Path: 
Cost = 1289; Path = 7, 5, 10, 9, 0, 3, 1, 4, 2, 6, 8
