Graph: 
0 657 669 515 505 874 461 
657 0 469 760 456 595 342 
669 469 0 733 817 583 518 
515 760 733 0 474 713 639 
505 456 817 474 0 318 686 
874 595 583 713 318 0 60 
461 342 518 639 686 60 0 

Hamilton Path: 
Cost = 2178; Path = 0, 3, 4, 5, 6, 1, 2
