Graph: 
0 535 927 752 455 235 5 
535 0 855 710 482 470 527 
927 855 0 73 565 64 18 
752 710 73 0 817 490 953 
455 482 565 817 0 843 881 
235 470 64 490 843 0 799 
5 527 18 953 881 799 0 

Hamilton Path: 
Cost = 1283; Path = 3, 2, 6, 0, 5, 1, 4
