Graph: 
0 187 974 665 296 448 545 653 308 924 
187 0 848 199 387 130 674 105 927 588 
974 848 0 489 694 194 407 710 425 799 
665 199 489 0 112 843 78 507 245 92 
296 387 694 112 0 216 107 217 946 760 
448 130 194 843 216 0 449 772 710 600 
545 674 407 78 107 449 0 73 270 503 
653 105 710 507 217 772 73 0 262 90 
308 927 425 245 946 710 270 262 0 860 
924 588 799 92 760 600 503 90 860 0 

Hamilton Path: 
Cost = 1377; Path = 2, 5, 4, 6, 3, 9, 7, 1, 0, 8
