Graph: 
0 699 526 551 734 184 637 
699 0 370 937 957 759 222 
526 370 0 964 709 752 718 
551 937 964 0 285 686 547 
734 957 709 285 0 343 73 
184 759 752 686 343 0 806 
637 222 718 547 73 806 0 

Hamilton Path: 
Cost = 1660; Path = 3, 4, 6, 1, 2, 0, 5
