Graph: 
0 934 70 558 157 769 517 850 832 537 566 
934 0 29 250 683 485 357 100 511 319 786 
70 29 0 357 204 960 8 746 5 38 803 
558 250 357 0 643 867 921 300 86 61 534 
157 683 204 643 0 467 769 967 964 83 651 
769 485 960 867 467 0 174 588 783 480 720 
517 357 8 921 769 174 0 830 885 540 498 
850 100 746 300 967 588 830 0 679 316 826 
832 511 5 86 964 783 885 679 0 832 893 
537 319 38 61 83 480 540 316 832 0 8 
566 786 803 534 651 720 498 826 893 8 0 

Hamilton Path: 
Cost = 1340; Path = 5, 6, 1, 7, 3, 8, 2, 0, 4, 9, 10
