Graph: 
0 668 651 793 691 144 985 444 
668 0 45 823 825 896 906 124 
651 45 0 77 994 658 656 321 
793 823 77 0 495 739 820 294 
691 825 994 495 0 153 95 103 
144 896 658 739 153 0 264 766 
985 906 656 820 95 264 0 530 
444 124 321 294 103 766 530 0 

Hamilton Path: 
Cost = 852; Path = 0, 5, 6, 4, 7, 1, 2, 3
