Graph: 
0 69 515 666 223 272 620 619 470 459 
69 0 501 171 330 838 953 570 973 827 
515 501 0 28 516 191 716 107 474 841 
666 171 28 0 128 73 498 897 501 366 
223 330 516 128 0 110 46 302 242 532 
272 838 191 73 110 0 254 959 97 234 
620 953 716 498 46 254 0 855 7 31 
619 570 107 897 302 959 855 0 180 491 
470 973 474 501 242 97 7 180 0 465 
459 827 841 366 532 234 31 491 465 0 

Hamilton Path: 
Cost = 828; Path = 1, 0, 4, 5, 3, 2, 7, 8, 6, 9
