Graph: 
0 453 663 698 944 535 498 265 689 
453 0 626 774 510 132 124 708 697 
663 626 0 441 621 329 512 304 175 
698 774 441 0 295 691 435 719 868 
944 510 621 295 0 100 523 380 739 
535 132 329 691 100 0 807 65 90 
498 124 512 435 523 807 0 252 306 
265 708 304 719 380 65 252 0 55 
689 697 175 868 739 90 306 55 0 

Hamilton Path: 
Cost = 1587; Path = 0, 7, 8, 2, 3, 4, 5, 1, 6
