Graph: 
0 990 187 82 282 421 346 522 983 944 
990 0 208 433 367 787 593 591 706 639 
187 208 0 623 949 335 461 263 272 632 
82 433 623 0 754 219 319 156 490 524 
282 367 949 754 0 948 697 880 223 922 
421 787 335 219 948 0 403 85 992 461 
346 593 461 319 697 403 0 261 471 923 
522 591 263 156 880 85 261 0 413 511 
983 706 272 490 223 992 471 413 0 392 
944 639 632 524 922 461 923 511 392 0 

Hamilton Path: 
Cost = 2024; Path = 6, 7, 5, 3, 0, 2, 1, 4, 8, 9
