Graph: 
0 240 55 930 888 297 238 38 
240 0 723 789 694 745 812 330 
55 723 0 8 832 383 576 583 
930 789 8 0 771 191 788 865 
888 694 832 771 0 339 893 985 
297 745 383 191 339 0 825 405 
238 812 576 788 893 825 0 248 
38 330 583 865 985 405 248 0 

Hamilton Path: 
Cost = 1409; Path = 1, 7, 6, 0, 2, 3, 5, 4
