Graph: 
0 457 116 103 151 675 647 720 510 
457 0 542 911 985 549 972 978 425 
116 542 0 785 22 844 73 308 991 
103 911 785 0 244 372 989 141 685 
151 985 22 244 0 709 716 707 277 
675 549 844 372 709 0 351 818 268 
647 972 73 989 716 351 0 935 362 
720 978 308 141 707 818 935 0 533 
510 425 991 685 277 268 362 533 0 

Hamilton Path: 
Cost = 1534; Path = 1, 8, 5, 6, 2, 4, 0, 3, 7
