Graph: 
0 578 683 834 712 418 181 445 
578 0 165 130 957 664 541 500 
683 165 0 788 388 453 156 325 
834 130 788 0 777 835 971 46 
712 957 388 777 0 643 297 296 
418 664 453 835 643 0 90 178 
181 541 156 971 297 90 0 883 
445 500 325 46 296 178 883 0 

Hamilton Path: 
Cost = 1178; Path = 0, 6, 5, 7, 3, 1, 2, 4
