Graph: 
0 978 959 300 651 492 426 636 
978 0 668 942 457 339 35 308 
959 668 0 829 305 929 797 385 
300 942 829 0 512 745 719 390 
651 457 305 512 0 101 685 762 
492 339 929 745 101 0 985 587 
426 35 797 719 685 985 0 338 
636 308 385 390 762 587 338 0 

Hamilton Path: 
Cost = 1808; Path = 0, 3, 7, 6, 1, 5, 4, 2
