Graph: 
0 7 7 483 623 420 552 593 556 172 
7 0 557 412 154 309 965 535 700 154 
7 557 0 26 670 222 31 743 128 610 
483 412 26 0 249 7 50 991 353 373 
623 154 670 249 0 986 15 666 370 38 
420 309 222 7 986 0 672 422 843 966 
552 965 31 50 15 672 0 922 553 176 
593 535 743 991 666 422 922 0 987 453 
556 700 128 353 370 843 553 987 0 545 
172 154 610 373 38 966 176 453 545 0 

Hamilton Path: 
Cost = 828; Path = 7, 5, 3, 6, 4, 9, 1, 0, 2, 8
