Graph: 
0 580 421 509 57 566 466 518 503 795 286 
580 0 279 777 240 673 333 949 475 102 766 
421 279 0 137 628 917 762 976 736 790 278 
509 777 137 0 985 747 770 597 984 260 549 
57 240 628 985 0 124 942 653 651 960 199 
566 673 917 747 124 0 474 43 763 589 599 
466 333 762 770 942 474 0 766 696 828 987 
518 949 976 597 653 43 766 0 49 910 358 
503 475 736 984 651 763 696 49 0 336 170 
795 102 790 260 960 589 828 910 336 0 884 
286 766 278 549 199 599 987 358 170 884 0 

Hamilton Path: 
Cost = 1553; Path = 0, 4, 5, 7, 8, 10, 2, 3, 9, 1, 6
