Graph: 
0 957 169 775 766 849 300 503 
957 0 509 648 720 747 151 256 
169 509 0 800 836 691 937 150 
775 648 800 0 594 452 62 2 
766 720 836 594 0 972 89 175 
849 747 691 452 972 0 101 761 
300 151 937 62 89 101 0 67 
503 256 150 2 175 761 67 0 

Hamilton Path: 
Cost = 1547; Path = 0, 2, 1, 6, 4, 7, 3, 5
