Graph: 
0 243 26 54 431 940 159 100 257 152 
243 0 533 105 644 815 324 438 431 375 
26 533 0 634 580 735 866 339 159 112 
54 105 634 0 193 696 715 418 779 7 
431 644 580 193 0 431 172 787 283 174 
940 815 735 696 431 0 441 894 216 934 
159 324 866 715 172 441 0 857 739 722 
100 438 339 418 787 894 857 0 146 350 
257 431 159 779 283 216 739 146 0 706 
152 375 112 7 174 934 722 350 706 0 

Hamilton Path: 
Cost = 1208; Path = 4, 6, 1, 3, 9, 2, 0, 7, 8, 5
