Graph: 
0 404 552 774 195 119 869 917 439 
404 0 648 259 143 64 639 670 937 
552 648 0 384 907 292 213 391 48 
774 259 384 0 388 760 493 246 214 
195 143 907 388 0 615 113 141 645 
119 64 292 760 615 0 379 286 178 
869 639 213 493 113 379 0 154 479 
917 670 391 246 141 286 154 0 736 
439 937 48 214 645 178 479 736 0 

Hamilton Path: 
Cost = 1096; Path = 0, 5, 1, 4, 7, 6, 2, 8, 3
