Graph: 
0 881 848 133 351 607 733 684 288 247 889 
881 0 124 705 305 120 583 352 212 127 830 
848 124 0 415 227 133 41 125 706 68 341 
133 705 415 0 463 231 937 18 448 808 696 
351 305 227 463 0 860 127 408 828 133 267 
607 120 133 231 860 0 82 222 787 200 841 
733 583 41 937 127 82 0 236 543 279 826 
684 352 125 18 408 222 236 0 447 698 329 
288 212 706 448 828 787 543 447 0 651 411 
247 127 68 808 133 200 279 698 651 0 639 
889 830 341 696 267 841 826 329 411 639 0 

Hamilton Path: 
Cost = 1334; Path = 8, 0, 3, 7, 2, 6, 5, 1, 9, 4, 10
