Graph: 
0 226 277 342 347 491 571 407 214 524 
226 0 242 483 387 907 840 295 810 492 
277 242 0 861 117 68 984 835 82 660 
342 483 861 0 123 508 542 711 732 244 
347 387 117 123 0 408 330 260 742 298 
491 907 68 508 408 0 196 605 457 723 
571 840 984 542 330 196 0 140 750 417 
407 295 835 711 260 605 140 0 503 790 
214 810 82 732 742 457 750 503 0 464 
524 492 660 244 298 723 417 790 464 0 

Hamilton Path: 
Cost = 1553; Path = 1, 0, 8, 2, 5, 6, 7, 4, 3, 9
