Graph: 
0 192 608 439 958 87 875 231 340 971 605 
192 0 235 486 976 76 929 296 216 490 412 
608 235 0 163 702 206 499 256 640 971 84 
439 486 163 0 252 472 290 631 707 279 458 
958 976 702 252 0 570 38 927 965 788 543 
87 76 206 472 570 0 970 768 906 742 753 
875 929 499 290 38 970 0 793 33 112 642 
231 296 256 631 927 768 793 0 829 758 276 
340 216 640 707 965 906 33 829 0 40 536 
971 490 971 279 788 742 112 758 40 0 252 
605 412 84 458 543 753 642 276 536 252 0 

Hamilton Path: 
Cost = 1280; Path = 1, 5, 0, 7, 10, 2, 3, 4, 6, 8, 9
