Graph: 
0 107 331 889 653 388 258 
107 0 533 676 351 319 433 
331 533 0 4 403 788 938 
889 676 4 0 92 941 921 
653 351 403 92 0 28 679 
388 319 788 941 28 0 360 
258 433 938 921 679 360 0 

Hamilton Path: 
Cost = 808; Path = 2, 3, 4, 5, 1, 0, 6
