Graph: 
0 17 926 573 531 913 817 959 764 981 617 
17 0 776 799 764 86 614 714 406 706 950 
926 776 0 407 150 136 627 453 669 913 298 
573 799 407 0 457 189 167 443 497 198 984 
531 764 150 457 0 457 303 164 229 387 590 
913 86 136 189 457 0 47 573 752 485 659 
817 614 627 167 303 47 0 879 561 727 526 
959 714 453 443 164 573 879 0 473 988 451 
764 406 669 497 229 752 561 473 0 860 848 
981 706 913 198 387 485 727 988 860 0 578 
617 950 298 984 590 659 526 451 848 578 0 

Hamilton Path: 
Cost = 2113; Path = 0, 1, 8, 4, 7, 10, 2, 5, 6, 3, 9
