Graph: 
0 830 695 232 792 826 467 868 91 
830 0 54 156 799 798 886 193 644 
695 54 0 109 669 52 733 124 736 
232 156 109 0 163 628 971 253 479 
792 799 669 163 0 820 123 931 612 
826 798 52 628 820 0 273 894 64 
467 886 733 971 123 273 0 754 247 
868 193 124 253 931 894 754 0 895 
91 644 736 479 612 64 247 895 0 

Hamilton Path: 
Cost = 966; Path = 0, 8, 5, 2, 7, 1, 3, 4, 6
