Graph: 
0 34 358 146 203 769 437 872 913 68 
34 0 908 34 281 141 545 844 919 213 
358 908 0 941 727 581 845 397 964 734 
146 34 941 0 665 674 664 97 242 853 
203 281 727 665 0 551 324 256 657 673 
769 141 581 674 551 0 645 549 673 929 
437 545 845 664 324 645 0 606 571 306 
872 844 397 97 256 549 606 0 459 725 
913 919 964 242 657 673 571 459 0 830 
68 213 734 853 673 929 306 725 830 0 

Hamilton Path: 
Cost = 2049; Path = 2, 5, 1, 0, 9, 6, 4, 7, 3, 8
