Graph: 
0 305 881 911 749 366 767 
305 0 117 809 378 938 312 
881 117 0 439 638 615 718 
911 809 439 0 473 750 314 
749 378 638 473 0 336 874 
366 938 615 750 336 0 23 
767 312 718 314 874 23 0 

Hamilton Path: 
Cost = 1534; Path = 0, 1, 2, 3, 6, 5, 4
