Graph: 
0 770 949 488 273 926 711 770 237 606 
770 0 54 764 630 546 697 155 843 859 
949 54 0 675 314 50 883 147 498 210 
488 764 675 0 307 746 157 457 558 225 
273 630 314 307 0 735 877 224 19 156 
926 546 50 746 735 0 309 75 48 707 
711 697 883 157 877 309 0 900 874 119 
770 155 147 457 224 75 900 0 675 684 
237 843 498 558 19 48 874 675 0 215 
606 859 210 225 156 707 119 684 215 0 

Hamilton Path: 
Cost = 1110; Path = 0, 4, 8, 5, 7, 1, 2, 9, 6, 3
