Graph: 
0 246 686 756 841 553 614 562 
246 0 973 473 615 599 395 389 
686 973 0 523 678 723 217 979 
756 473 523 0 694 165 304 711 
841 615 678 694 0 790 82 247 
553 599 723 165 790 0 938 755 
614 395 217 304 82 938 0 605 
562 389 979 711 247 755 605 0 

Hamilton Path: 
Cost = 1869; Path = 0, 1, 7, 4, 6, 2, 3, 5
