Graph: 
0 532 750 332 709 118 779 166 
532 0 521 162 36 33 792 251 
750 521 0 902 119 239 937 804 
332 162 902 0 843 197 991 997 
709 36 119 843 0 0 884 992 
118 33 239 197 0 0 230 996 
779 792 937 991 884 230 0 459 
166 251 804 997 992 996 459 0 

Hamilton Path: 
Cost = 1257; Path = 2, 4, 1, 3, 5, 0, 7, 6
