Graph: 
0 124 669 8 331 891 
124 0 777 834 613 493 
669 777 0 689 471 512 
8 834 689 0 60 554 
331 613 471 60 0 549 
891 493 512 554 549 0 

Hamilton Path: 
Cost = 1156; Path = 2, 4, 3, 0, 1, 5
