Graph: 
0 57 840 638 212 601 402 530 481 
57 0 39 98 485 874 479 171 962 
840 39 0 745 105 368 431 249 143 
638 98 745 0 509 462 241 797 45 
212 485 105 509 0 250 327 241 890 
601 874 368 462 250 0 456 410 365 
402 479 431 241 327 456 0 480 956 
530 171 249 797 241 410 480 0 590 
481 962 143 45 890 365 956 590 0 

Hamilton Path: 
Cost = 1368; Path = 5, 4, 0, 1, 7, 2, 8, 3, 6
