Graph: 
0 295 797 679 590 970 242 911 
295 0 951 988 983 667 880 427 
797 951 0 580 392 760 517 892 
679 988 580 0 600 96 245 184 
590 983 392 600 0 276 493 486 
970 667 760 96 276 0 366 534 
242 880 517 245 493 366 0 703 
911 427 892 184 486 534 703 0 

Hamilton Path: 
Cost = 1912; Path = 2, 4, 5, 3, 7, 1, 0, 6
