Graph: 
0 4 347 781 214 807 97 130 705 885 
4 0 117 44 183 525 894 584 692 889 
347 117 0 138 572 234 680 103 600 380 
781 44 138 0 748 539 461 699 211 979 
214 183 572 748 0 626 104 206 282 493 
807 525 234 539 626 0 175 561 573 441 
97 894 680 461 104 175 0 175 179 770 
130 584 103 699 206 561 175 0 260 892 
705 692 600 211 282 573 179 260 0 163 
885 889 380 979 493 441 770 892 163 0 

Hamilton Path: 
Cost = 1166; Path = 5, 2, 7, 4, 6, 0, 1, 3, 8, 9
