Graph: 
0 30 523 629 606 48 204 439 
30 0 563 594 299 824 368 616 
523 563 0 230 419 482 657 302 
629 594 230 0 368 357 214 286 
606 299 419 368 0 196 288 328 
48 824 482 357 196 0 958 119 
204 368 657 214 288 958 0 118 
439 616 302 286 328 119 118 0 

Hamilton Path: 
Cost = 1058; Path = 2, 3, 6, 7, 5, 0, 1, 4
