Graph: 
0 629 977 896 486 512 537 43 102 25 304 
629 0 266 633 533 735 874 182 239 834 399 
977 266 0 518 784 172 262 74 639 960 245 
896 633 518 0 598 726 211 736 712 754 772 
486 533 784 598 0 168 156 564 599 388 680 
512 735 172 726 168 0 614 239 894 725 636 
537 874 262 211 156 614 0 784 674 43 182 
43 182 74 736 564 239 784 0 935 350 685 
102 239 639 712 599 894 674 935 0 595 393 
25 834 960 754 388 725 43 350 595 0 786 
304 399 245 772 680 636 182 685 393 786 0 

Hamilton Path: 
Cost = 1721; Path = 3, 6, 9, 0, 7, 1, 8, 10, 2, 5, 4
