Graph: 
0 705 409 381 110 872 766 635 981 424 625 
705 0 286 731 191 849 772 418 612 893 399 
409 286 0 597 583 480 31 21 872 545 238 
381 731 597 0 40 863 976 904 956 384 678 
110 191 583 40 0 457 219 632 496 107 418 
872 849 480 863 457 0 327 983 785 798 479 
766 772 31 976 219 327 0 541 966 30 911 
635 418 21 904 632 983 541 0 200 753 173 
981 612 872 956 496 785 966 200 0 290 815 
424 893 545 384 107 798 30 753 290 0 495 
625 399 238 678 418 479 911 173 815 495 0 

Hamilton Path: 
Cost = 2101; Path = 0, 3, 4, 1, 2, 6, 9, 8, 7, 10, 5
