Graph: 
0 938 276 296 909 79 172 929 55 
938 0 759 596 958 185 400 80 347 
276 759 0 255 298 672 13 963 439 
296 596 255 0 825 532 516 466 239 
909 958 298 825 0 618 520 390 412 
79 185 672 532 618 0 763 712 421 
172 400 13 516 520 763 0 997 69 
929 80 963 466 390 712 997 0 969 
55 347 439 239 412 421 69 969 0 

Hamilton Path: 
Cost = 1126; Path = 3, 2, 6, 8, 0, 5, 1, 7, 4
