Graph: 
0 555 960 392 527 317 223 592 426 595 
555 0 635 716 315 782 915 739 469 72 
960 635 0 40 941 720 739 130 625 46 
392 716 40 0 106 698 772 882 916 455 
527 315 941 106 0 682 305 501 801 402 
317 782 720 698 682 0 852 374 758 680 
223 915 739 772 305 852 0 622 945 35 
592 739 130 882 501 374 622 0 997 768 
426 469 625 916 801 758 945 997 0 233 
595 72 46 455 402 680 35 768 233 0 

Hamilton Path: 
Cost = 1721; Path = 5, 7, 2, 3, 4, 1, 9, 6, 0, 8
