Graph: 
0 134 175 723 132 226 33 833 245 293 413 
134 0 34 517 220 14 810 925 398 475 637 
175 34 0 816 232 281 832 331 662 966 192 
723 517 816 0 495 72 914 0 971 838 556 
132 220 232 495 0 64 31 29 697 734 500 
226 14 281 72 64 0 502 604 883 998 855 
33 810 832 914 31 502 0 735 530 498 790 
833 925 331 0 29 604 735 0 226 272 197 
245 398 662 971 697 883 530 226 0 177 708 
293 475 966 838 734 998 498 272 177 0 884 
413 637 192 556 500 855 790 197 708 884 0 

Hamilton Path: 
Cost = 827; Path = 9, 8, 0, 6, 4, 7, 3, 5, 1, 2, 10
