Graph: 
0 404 35 839 558 827 954 335 793 40 
404 0 667 321 677 934 835 753 715 520 
35 667 0 267 884 655 903 434 872 839 
839 321 267 0 586 24 278 784 502 181 
558 677 884 586 0 586 929 938 769 353 
827 934 655 24 586 0 975 185 662 536 
954 835 903 278 929 975 0 759 221 681 
335 753 434 784 938 185 759 0 700 473 
793 715 872 502 769 662 221 700 0 327 
40 520 839 181 353 536 681 473 327 0 

Hamilton Path: 
Cost = 2247; Path = 1, 4, 9, 0, 2, 7, 5, 3, 6, 8
