Graph: 
0 943 733 90 373 438 626 
943 0 18 449 877 29 738 
733 18 0 112 258 100 238 
90 449 112 0 623 745 327 
373 877 258 623 0 528 487 
438 29 100 745 528 0 353 
626 738 238 327 487 353 0 

Hamilton Path: 
Cost = 975; Path = 4, 0, 3, 2, 1, 5, 6
