Graph: 
0 156 442 812 402 804 886 178 
156 0 512 192 719 386 918 284 
442 512 0 61 117 826 238 371 
812 192 61 0 999 873 862 464 
402 719 117 999 0 514 90 48 
804 386 826 873 514 0 788 10 
886 918 238 862 90 788 0 950 
178 284 371 464 48 10 950 0 

Hamilton Path: 
Cost = 795; Path = 0, 1, 3, 2, 6, 4, 7, 5
