Graph: 
0 37 948 159 355 832 274 956 233 755 
37 0 289 46 722 312 728 994 554 846 
948 289 0 200 567 349 508 61 713 437 
159 46 200 0 740 542 695 261 568 161 
355 722 567 740 0 896 759 457 138 978 
832 312 349 542 896 0 118 361 852 160 
274 728 508 695 759 118 0 410 851 764 
956 994 61 261 457 361 410 0 255 904 
233 554 713 568 138 852 851 255 0 300 
755 846 437 161 978 160 764 904 300 0 

Hamilton Path: 
Cost = 1289; Path = 4, 8, 7, 2, 3, 1, 0, 6, 5, 9
