Graph: 
0 852 765 132 395 712 821 
852 0 138 756 8 797 373 
765 138 0 824 652 894 738 
132 756 824 0 905 841 478 
395 8 652 905 0 17 689 
712 797 894 841 17 0 179 
821 373 738 478 689 179 0 

Hamilton Path: 
Cost = 952; Path = 0, 3, 6, 5, 4, 1, 2
