Graph: 
0 517 209 305 86 362 800 607 221 
517 0 96 489 721 918 22 220 96 
209 96 0 186 913 957 511 668 119 
305 489 186 0 173 330 111 734 385 
86 721 913 173 0 30 536 337 49 
362 918 957 330 30 0 983 477 766 
800 22 511 111 536 983 0 272 253 
607 220 668 734 337 477 272 0 400 
221 96 119 385 49 766 253 400 0 

Hamilton Path: 
Cost = 995; Path = 5, 4, 0, 8, 2, 3, 6, 1, 7
