Graph: 
0 759 619 752 670 870 790 443 
759 0 924 515 694 128 272 747 
619 924 0 365 600 864 156 316 
752 515 365 0 213 644 669 542 
670 694 600 213 0 664 893 909 
870 128 864 644 664 0 438 355 
790 272 156 669 893 438 0 177 
443 747 316 542 909 355 177 0 

Hamilton Path: 
Cost = 1932; Path = 0, 7, 5, 1, 6, 2, 3, 4
