Graph: 
0 368 427 519 890 193 70 232 
368 0 587 523 589 724 209 268 
427 587 0 183 930 242 716 656 
519 523 183 0 351 388 990 466 
890 589 930 351 0 266 887 32 
193 724 242 388 266 0 200 49 
70 209 716 990 887 200 0 762 
232 268 656 466 32 49 762 0 

Hamilton Path: 
Cost = 1087; Path = 1, 6, 0, 5, 7, 4, 3, 2
