Graph: 
0 234 364 521 215 271 51 440 68 126 235 
234 0 545 906 450 270 942 757 826 766 177 
364 545 0 879 525 595 636 386 114 401 650 
521 906 879 0 212 818 309 257 11 277 977 
215 450 525 212 0 370 453 297 299 805 348 
271 270 595 818 370 0 262 354 831 183 841 
51 942 636 309 453 262 0 542 570 517 277 
440 757 386 257 297 354 542 0 548 151 85 
68 826 114 11 299 831 570 548 0 146 155 
126 766 401 277 805 183 517 151 146 0 466 
235 177 650 977 348 841 277 85 155 466 0 

Hamilton Path: 
Cost = 1461; Path = 1, 10, 7, 9, 5, 6, 0, 4, 3, 8, 2
