Graph: 
0 97 247 657 494 991 732 850 
97 0 367 856 956 47 1 917 
247 367 0 145 156 934 736 58 
657 856 145 0 219 288 852 723 
494 956 156 219 0 968 298 220 
991 47 934 288 968 0 703 128 
732 1 736 852 298 703 0 813 
850 917 58 723 220 128 813 0 

Hamilton Path: 
Cost = 946; Path = 0, 1, 6, 4, 3, 2, 7, 5
