Graph: 
0 13 257 981 885 307 700 165 492 499 
13 0 292 33 576 786 80 556 189 147 
257 292 0 339 932 178 466 842 28 868 
981 33 339 0 496 433 827 116 642 903 
885 576 932 496 0 145 263 599 355 51 
307 786 178 433 145 0 309 730 498 694 
700 80 466 827 263 309 0 6 220 896 
165 556 842 116 599 730 6 0 47 363 
492 189 28 642 355 498 220 47 0 740 
499 147 868 903 51 694 896 363 740 0 

Hamilton Path: 
Cost = 790; Path = 0, 1, 3, 7, 6, 8, 2, 5, 4, 9
