Graph: 
0 975 506 894 444 352 277 181 
975 0 753 806 982 922 187 38 
506 753 0 485 904 414 237 381 
894 806 485 0 562 64 165 968 
444 982 904 562 0 493 493 435 
352 922 414 64 493 0 441 833 
277 187 237 165 493 441 0 656 
181 38 381 968 435 833 656 0 

Hamilton Path: 
Cost = 1493; Path = 2, 5, 3, 6, 1, 7, 0, 4
