Graph: 
0 541 800 693 594 931 472 984 704 654 
541 0 726 106 500 44 614 746 483 821 
800 726 0 526 318 821 520 291 297 299 
693 106 526 0 112 378 630 339 195 1 
594 500 318 112 0 4 898 175 742 831 
931 44 821 378 4 0 80 897 178 700 
472 614 520 630 898 80 0 709 237 188 
984 746 291 339 175 897 709 0 150 386 
704 483 297 195 742 178 237 150 0 461 
654 821 299 1 831 700 188 386 461 0 

Hamilton Path: 
Cost = 1437; Path = 0, 6, 9, 3, 1, 5, 4, 7, 8, 2
