Graph: 
0 611 82 469 919 360 455 416 905 423 
611 0 379 978 103 81 453 873 345 491 
82 379 0 814 84 481 887 735 138 885 
469 978 814 0 612 150 968 921 266 455 
919 103 84 612 0 911 846 330 745 56 
360 81 481 150 911 0 868 544 357 308 
455 453 887 968 846 868 0 350 508 202 
416 873 735 921 330 544 350 0 813 409 
905 345 138 266 745 357 508 813 0 990 
423 491 885 455 56 308 202 409 990 0 

Hamilton Path: 
Cost = 1428; Path = 0, 2, 8, 3, 5, 1, 4, 9, 6, 7
