Graph: 
0 288 267 807 610 840 
288 0 292 62 88 783 
267 292 0 581 615 200 
807 62 581 0 529 750 
610 88 615 529 0 49 
840 783 200 750 49 0 

Hamilton Path: 
Cost = 666; Path = 0, 2, 5, 4, 1, 3
