Graph: 
0 20 198 447 271 383 686 264 190 127 
20 0 998 424 466 403 244 851 933 962 
198 998 0 427 104 682 626 558 636 986 
447 424 427 0 670 354 522 554 521 399 
271 466 104 670 0 873 917 930 598 102 
383 403 682 354 873 0 873 72 93 949 
686 244 626 522 917 873 0 692 862 460 
264 851 558 554 930 72 692 0 612 344 
190 933 636 521 598 93 862 612 0 59 
127 962 986 399 102 949 460 344 59 0 

Hamilton Path: 
Cost = 1385; Path = 3, 2, 4, 9, 8, 5, 7, 0, 1, 6
