Graph: 
0 382 483 875 592 233 516 273 930 68 
382 0 563 659 934 65 153 705 454 499 
483 563 0 669 924 449 208 812 292 429 
875 659 669 0 646 547 986 286 62 792 
592 934 924 646 0 418 547 422 513 691 
233 65 449 547 418 0 472 641 673 625 
516 153 208 986 547 472 0 410 729 72 
273 705 812 286 422 641 410 0 102 334 
930 454 292 62 513 673 729 102 0 965 
68 499 429 792 691 625 72 334 965 0 

Hamilton Path: 
Cost = 1689; Path = 2, 8, 3, 7, 0, 9, 6, 1, 5, 4
