Graph: 
0 673 701 713 28 119 330 189 918 166 162 
673 0 44 652 512 573 910 319 603 552 440 
701 44 0 346 796 0 25 227 933 762 323 
713 652 346 0 132 44 899 342 569 180 510 
28 512 796 132 0 758 76 996 763 912 859 
119 573 0 44 758 0 477 652 150 165 563 
330 910 25 899 76 477 0 677 610 11 397 
189 319 227 342 996 652 677 0 877 233 783 
918 603 933 569 763 150 610 877 0 960 182 
166 552 762 180 912 165 11 233 960 0 378 
162 440 323 510 859 563 397 783 182 378 0 

Hamilton Path: 
Cost = 1038; Path = 1, 2, 6, 9, 7, 0, 4, 3, 5, 8, 10
