Graph: 
0 765 250 578 622 126 166 
765 0 174 199 615 982 855 
250 174 0 880 446 204 798 
578 199 880 0 136 617 184 
622 615 446 136 0 115 83 
126 982 204 617 115 0 550 
166 855 798 184 83 550 0 

Hamilton Path: 
Cost = 881; Path = 0, 5, 4, 6, 3, 1, 2
