Graph: 
0 960 346 195 512 965 526 573 
960 0 843 196 167 184 886 45 
346 843 0 971 282 515 18 541 
195 196 971 0 568 745 23 426 
512 167 282 568 0 815 86 109 
965 184 515 745 815 0 669 357 
526 886 18 23 86 669 0 742 
573 45 541 426 109 357 742 0 

Hamilton Path: 
Cost = 856; Path = 0, 3, 6, 2, 4, 7, 1, 5
