Graph: 
0 444 859 4 514 553 299 823 673 644 342 
444 0 607 621 247 838 107 504 502 11 943 
859 607 0 263 728 551 485 604 951 772 411 
4 621 263 0 793 525 755 634 646 859 344 
514 247 728 793 0 555 950 100 127 172 890 
553 838 551 525 555 0 913 793 315 627 855 
299 107 485 755 950 913 0 519 936 743 509 
823 504 604 634 100 793 519 0 58 333 909 
673 502 951 646 127 315 936 58 0 114 831 
644 11 772 859 172 627 743 333 114 0 719 
342 943 411 344 890 855 509 909 831 719 0 

Hamilton Path: 
Cost = 1740; Path = 5, 8, 7, 4, 9, 1, 6, 0, 3, 2, 10
