Graph: 
0 911 235 272 763 549 898 
911 0 864 680 799 116 402 
235 864 0 913 567 477 718 
272 680 913 0 661 814 82 
763 799 567 661 0 329 676 
549 116 477 814 329 0 241 
898 402 718 82 676 241 0 

Hamilton Path: 
Cost = 1436; Path = 2, 0, 3, 6, 1, 5, 4
