Graph: 
0 821 267 313 784 823 93 
821 0 985 988 931 884 36 
267 985 0 625 961 272 218 
313 988 625 0 943 909 233 
784 931 961 943 0 818 878 
823 884 272 909 818 0 67 
93 36 218 233 878 67 0 

Hamilton Path: 
Cost = 1886; Path = 3, 0, 2, 5, 6, 1, 4
