Graph: 
0 350 127 0 895 867 734 796 815 869 20 
350 0 355 85 935 425 313 374 843 605 290 
127 355 0 58 395 665 906 284 111 256 943 
0 85 58 0 874 992 172 371 220 500 248 
895 935 395 874 0 158 494 898 60 180 869 
867 425 665 992 158 0 743 458 114 376 125 
734 313 906 172 494 743 0 859 881 361 740 
796 374 284 371 898 458 859 0 44 232 868 
815 843 111 220 60 114 881 44 0 219 748 
869 605 256 500 180 376 361 232 219 0 621 
20 290 943 248 869 125 740 868 748 621 0 

Hamilton Path: 
Cost = 1222; Path = 6, 1, 3, 2, 0, 10, 5, 4, 8, 7, 9
