Graph: 
0 537 0 830 971 5 927 739 26 
537 0 256 783 458 510 906 272 885 
0 256 0 215 382 195 372 903 590 
830 783 215 0 90 622 768 122 598 
971 458 382 90 0 159 132 925 25 
5 510 195 622 159 0 868 303 517 
927 906 372 768 132 868 0 543 663 
739 272 903 122 925 303 543 0 25 
26 885 590 598 25 517 663 25 0 

Hamilton Path: 
Cost = 851; Path = 1, 2, 5, 0, 8, 7, 3, 4, 6
