Graph: 
0 120 387 245 354 428 704 871 13 
120 0 509 812 696 660 376 683 361 
387 509 0 489 397 995 430 613 87 
245 812 489 0 387 100 917 812 562 
354 696 397 387 0 180 339 199 200 
428 660 995 100 180 0 633 822 41 
704 376 430 917 339 633 0 500 902 
871 683 613 812 199 822 500 0 935 
13 361 87 562 200 41 902 935 0 

Hamilton Path: 
Cost = 1507; Path = 2, 8, 5, 3, 0, 1, 6, 4, 7
