Graph: 
0 727 846 948 599 957 139 772 
727 0 189 158 588 235 823 490 
846 189 0 993 955 550 157 634 
948 158 993 0 275 325 831 35 
599 588 955 275 0 699 887 930 
957 235 550 325 699 0 349 648 
139 823 157 831 887 349 0 667 
772 490 634 35 930 648 667 0 

Hamilton Path: 
Cost = 1629; Path = 5, 1, 2, 6, 0, 4, 3, 7
