Graph: 
0 699 526 551 734 184 
699 0 370 937 957 759 
526 370 0 964 709 752 
551 937 964 0 285 686 
734 957 709 285 0 343 
184 759 752 686 343 0 

Hamilton Path: 
Cost = 1708; Path = 1, 2, 0, 5, 4, 3
