Graph: 
0 215 913 952 770 640 963 
215 0 238 116 510 706 946 
913 238 0 150 32 409 218 
952 116 150 0 755 845 466 
770 510 32 755 0 826 76 
640 706 409 845 826 0 850 
963 946 218 466 76 850 0 

Hamilton Path: 
Cost = 1229; Path = 5, 0, 1, 3, 2, 4, 6
