Graph: 
0 93 388 376 160 466 474 560 605 124 12 
93 0 192 696 250 463 818 141 540 641 148 
388 192 0 214 598 332 320 225 9 907 136 
376 696 214 0 109 698 565 353 219 269 255 
160 250 598 109 0 54 120 721 194 223 70 
466 463 332 698 54 0 781 844 288 555 606 
474 818 320 565 120 781 0 129 392 657 735 
560 141 225 353 721 844 129 0 728 369 677 
605 540 9 219 194 288 392 728 0 329 258 
124 641 907 269 223 555 657 369 329 0 46 
12 148 136 255 70 606 735 677 258 46 0 

Hamilton Path: 
Cost = 1060; Path = 5, 4, 3, 8, 2, 10, 9, 0, 1, 7, 6
