Graph: 
0 120 734 702 771 213 100 661 869 246 
120 0 63 999 264 776 237 887 232 505 
734 63 0 456 933 106 18 997 977 461 
702 999 456 0 459 176 225 607 341 385 
771 264 933 459 0 416 913 122 380 881 
213 776 106 176 416 0 300 663 524 899 
100 237 18 225 913 300 0 983 420 147 
661 887 997 607 122 663 983 0 582 24 
869 232 977 341 380 524 420 582 0 74 
246 505 461 385 881 899 147 24 74 0 

Hamilton Path: 
Cost = 972; Path = 3, 5, 2, 6, 0, 1, 8, 9, 7, 4
