Graph: 
0 208 282 126 817 384 587 367 
208 0 988 432 589 852 363 74 
282 988 0 636 186 69 577 901 
126 432 636 0 832 872 950 358 
817 589 186 832 0 374 887 7 
384 852 69 872 374 0 737 699 
587 363 577 950 887 737 0 738 
367 74 901 358 7 699 738 0 

Hamilton Path: 
Cost = 1209; Path = 3, 0, 5, 2, 4, 7, 1, 6
