Graph: 
0 762 797 173 416 986 16 512 
762 0 259 63 140 565 7 535 
797 259 0 536 46 688 237 708 
173 63 536 0 187 937 630 965 
416 140 46 187 0 507 891 844 
986 565 688 937 507 0 6 951 
16 7 237 630 891 6 0 852 
512 535 708 965 844 951 852 0 

Hamilton Path: 
Cost = 1152; Path = 5, 6, 0, 3, 1, 4, 2, 7
