Graph: 
0 467 512 757 443 103 638 299 795 313 
467 0 79 678 357 106 844 464 742 635 
512 79 0 382 918 64 213 823 38 443 
757 678 382 0 38 63 396 670 202 603 
443 357 918 38 0 501 465 636 473 354 
103 106 64 63 501 0 128 548 246 801 
638 844 213 396 465 128 0 836 74 100 
299 464 823 670 636 548 836 0 115 2 
795 742 38 202 473 246 74 115 0 505 
313 635 443 603 354 801 100 2 505 0 

Hamilton Path: 
Cost = 796; Path = 1, 2, 8, 6, 9, 7, 0, 5, 3, 4
