Graph: 
0 540 837 511 578 897 259 199 944 89 649 
540 0 823 585 99 397 894 713 412 478 665 
837 823 0 920 528 767 590 355 722 172 439 
511 585 920 0 933 506 758 543 588 109 702 
578 99 528 933 0 962 7 29 597 139 79 
897 397 767 506 962 0 296 745 236 348 822 
259 894 590 758 7 296 0 862 815 409 816 
199 713 355 543 29 745 862 0 10 343 216 
944 412 722 588 597 236 815 10 0 401 933 
89 478 172 109 139 348 409 343 401 0 302 
649 665 439 702 79 822 816 216 933 302 0 

Hamilton Path: 
Cost = 1861; Path = 2, 10, 7, 8, 5, 1, 4, 6, 0, 9, 3
