Graph: 
0 443 821 580 972 578 64 509 54 57 284 
443 0 82 666 212 581 196 26 376 936 952 
821 82 0 521 283 892 171 604 352 874 898 
580 666 521 0 794 953 528 525 277 345 375 
972 212 283 794 0 749 969 779 690 426 576 
578 581 892 953 749 0 319 917 892 335 664 
64 196 171 528 969 319 0 432 443 232 106 
509 26 604 525 779 917 432 0 906 461 954 
54 376 352 277 690 892 443 906 0 944 428 
57 936 874 345 426 335 232 461 944 0 383 
284 952 898 375 576 664 106 954 428 383 0 

Hamilton Path: 
Cost = 1896; Path = 5, 9, 0, 8, 3, 10, 6, 2, 4, 1, 7
