Graph: 
0 608 558 592 756 458 833 
608 0 491 245 89 527 857 
558 491 0 676 103 546 218 
592 245 676 0 567 782 698 
756 89 103 567 0 833 275 
458 527 546 782 833 0 632 
833 857 218 698 275 632 0 

Hamilton Path: 
Cost = 1705; Path = 5, 0, 3, 1, 4, 2, 6
