Graph: 
0 124 945 994 791 914 158 
124 0 358 423 641 474 581 
945 358 0 862 426 203 718 
994 423 862 0 36 941 617 
791 641 426 36 0 315 278 
914 474 203 941 315 0 676 
158 581 718 617 278 676 0 

Hamilton Path: 
Cost = 1157; Path = 3, 4, 6, 0, 1, 2, 5
