Graph: 
0 639 21 756 393 552 873 654 438 502 
639 0 769 895 226 657 725 901 158 670 
21 769 0 475 423 695 699 322 928 363 
756 895 475 0 255 152 355 617 683 10 
393 226 423 255 0 520 816 382 514 396 
552 657 695 152 520 0 269 821 795 887 
873 725 699 355 816 269 0 372 877 644 
654 901 322 617 382 821 372 0 251 775 
438 158 928 683 514 795 877 251 0 173 
502 670 363 10 396 887 644 775 173 0 

Hamilton Path: 
Cost = 1703; Path = 0, 2, 7, 6, 5, 3, 9, 8, 1, 4
