Graph: 
0 622 201 355 51 552 668 584 865 273 
622 0 420 916 439 135 353 957 164 154 
201 420 0 73 702 809 128 843 72 385 
355 916 73 0 759 365 625 782 820 162 
51 439 702 759 0 482 498 596 367 280 
552 135 809 365 482 0 0 483 944 381 
668 353 128 625 498 0 0 712 795 391 
584 957 843 782 596 483 712 0 678 833 
865 164 72 820 367 944 795 678 0 19 
273 154 385 162 280 381 391 833 19 0 

Hamilton Path: 
Cost = 1401; Path = 6, 5, 1, 8, 9, 3, 2, 0, 4, 7
