Graph: 
0 584 867 414 285 933 258 767 47 660 
584 0 493 232 943 1 209 443 35 693 
867 493 0 814 467 374 176 741 235 895 
414 232 814 0 323 672 830 558 886 438 
285 943 467 323 0 81 779 615 402 248 
933 1 374 672 81 0 823 476 527 257 
258 209 176 830 779 823 0 788 714 40 
767 443 741 558 615 476 788 0 658 624 
47 35 235 886 402 527 714 658 0 674 
660 693 895 438 248 257 40 624 674 0 

Hamilton Path: 
Cost = 1600; Path = 2, 6, 9, 4, 5, 1, 8, 0, 3, 7
