Graph: 
0 581 137 240 919 558 330 900 
581 0 81 266 431 81 389 771 
137 81 0 132 788 968 716 329 
240 266 132 0 726 515 525 468 
919 431 788 726 0 252 489 623 
558 81 968 515 252 0 635 932 
330 389 716 525 489 635 0 566 
900 771 329 468 623 932 566 0 

Hamilton Path: 
Cost = 1682; Path = 4, 5, 1, 2, 3, 0, 6, 7
