Graph: 
0 842 440 949 59 47 303 336 611 611 
842 0 574 586 175 376 249 394 27 934 
440 574 0 21 337 94 706 959 846 807 
949 586 21 0 207 839 787 482 752 462 
59 175 337 207 0 695 318 252 571 47 
47 376 94 839 695 0 95 492 889 136 
303 249 706 787 318 95 0 73 392 195 
336 394 959 482 252 492 73 0 415 660 
611 27 846 752 571 889 392 415 0 196 
611 934 807 462 47 136 195 660 196 0 

Hamilton Path: 
Cost = 813; Path = 3, 2, 5, 0, 4, 9, 8, 1, 6, 7
