Graph: 
0 264 23 876 519 56 591 240 
264 0 216 631 877 774 431 170 
23 216 0 208 746 446 518 210 
876 631 208 0 662 777 407 676 
519 877 746 662 0 311 487 507 
56 774 446 777 311 0 278 828 
591 431 518 407 487 278 0 193 
240 170 210 676 507 828 193 0 

Hamilton Path: 
Cost = 1368; Path = 1, 7, 6, 3, 2, 0, 5, 4
