Graph: 
0 189 571 179 426 284 740 944 906 302 779 
189 0 931 892 599 389 830 30 731 1 781 
571 931 0 415 95 20 215 612 492 967 25 
179 892 415 0 799 467 603 133 486 68 485 
426 599 95 799 0 212 896 783 214 256 451 
284 389 20 467 212 0 117 904 302 482 102 
740 830 215 603 896 117 0 537 588 239 863 
944 30 612 133 783 904 537 0 928 248 333 
906 731 492 486 214 302 588 928 0 496 414 
302 1 967 68 256 482 239 248 496 0 748 
779 781 25 485 451 102 863 333 414 748 0 

Hamilton Path: 
Cost = 1135; Path = 0, 3, 7, 1, 9, 6, 5, 10, 2, 4, 8
