Graph: 
0 383 587 218 823 579 820 840 
383 0 497 134 405 462 510 261 
587 497 0 697 553 142 936 496 
218 134 697 0 345 707 132 8 
823 405 553 345 0 944 294 358 
579 462 142 707 944 0 971 526 
820 510 936 132 294 971 0 675 
840 261 496 8 358 526 675 0 

Hamilton Path: 
Cost = 1773; Path = 0, 1, 7, 3, 6, 4, 2, 5
