Graph: 
0 910 209 902 467 738 424 268 301 984 205 
910 0 606 484 639 945 765 948 795 385 772 
209 606 0 345 81 262 245 954 33 682 967 
902 484 345 0 668 97 146 489 228 362 680 
467 639 81 668 0 924 663 831 485 397 912 
738 945 262 97 924 0 628 697 395 457 561 
424 765 245 146 663 628 0 514 514 977 161 
268 948 954 489 831 697 514 0 82 864 452 
301 795 33 228 485 395 514 82 0 331 877 
984 385 682 362 397 457 977 864 331 0 596 
205 772 967 680 912 561 161 452 877 596 0 

Hamilton Path: 
Cost = 1855; Path = 1, 9, 4, 2, 8, 7, 0, 10, 6, 3, 5
