Graph: 
0 435 151 547 778 135 598 643 
435 0 391 785 247 947 843 569 
151 391 0 99 667 694 796 413 
547 785 99 0 202 319 627 903 
778 247 667 202 0 38 896 924 
135 947 694 319 38 0 944 58 
598 843 796 627 896 944 0 456 
643 569 413 903 924 58 456 0 

Hamilton Path: 
Cost = 1348; Path = 1, 4, 3, 2, 0, 5, 7, 6
