Graph: 
0 946 186 496 580 579 775 
946 0 933 585 351 446 586 
186 933 0 456 659 615 798 
496 585 456 0 573 426 881 
580 351 659 573 0 137 679 
579 446 615 426 137 0 897 
775 586 798 881 679 897 0 

Hamilton Path: 
Cost = 2142; Path = 0, 2, 3, 5, 4, 1, 6
