Graph: 
0 379 134 812 616 439 671 385 
379 0 581 997 930 45 662 991 
134 581 0 354 152 626 376 492 
812 997 354 0 396 27 578 586 
616 930 152 396 0 335 102 31 
439 45 626 27 335 0 427 772 
671 662 376 578 102 427 0 993 
385 991 492 586 31 772 993 0 

Hamilton Path: 
Cost = 1078; Path = 1, 5, 3, 2, 0, 7, 4, 6
