Graph: 
0 430 741 459 534 735 593 610 283 911 783 
430 0 275 810 143 972 247 41 972 612 911 
741 275 0 815 37 183 451 711 915 468 520 
459 810 815 0 685 522 695 146 86 878 853 
534 143 37 685 0 39 168 817 23 886 524 
735 972 183 522 39 0 811 472 388 914 884 
593 247 451 695 168 811 0 587 795 757 167 
610 41 711 146 817 472 587 0 689 525 200 
283 972 915 86 23 388 795 689 0 822 526 
911 612 468 878 886 914 757 525 822 0 569 
783 911 520 853 524 884 167 200 526 569 0 

Hamilton Path: 
Cost = 1957; Path = 0, 8, 3, 7, 1, 2, 5, 4, 6, 10, 9
