Graph: 
0 299 250 85 796 110 392 366 
299 0 867 125 457 84 728 697 
250 867 0 924 792 275 77 896 
85 125 924 0 550 776 799 606 
796 457 792 550 0 885 685 813 
110 84 275 776 885 0 911 287 
392 728 77 799 685 911 0 385 
366 697 896 606 813 287 385 0 

Hamilton Path: 
Cost = 1514; Path = 4, 1, 3, 0, 5, 2, 6, 7
