Graph: 
0 314 308 830 756 370 142 532 458 
314 0 186 977 246 852 162 565 294 
308 186 0 923 346 395 233 783 0 
830 977 923 0 693 468 52 0 850 
756 246 346 693 0 338 120 942 285 
370 852 395 468 338 0 229 541 395 
142 162 233 52 120 229 0 499 10 
532 565 783 0 942 541 499 0 809 
458 294 0 850 285 395 10 809 0 

Hamilton Path: 
Cost = 1202; Path = 0, 5, 4, 1, 2, 8, 6, 3, 7
