Graph: 
0 40 195 268 359 499 118 404 25 578 
40 0 681 950 699 362 352 584 2 326 
195 681 0 0 270 392 277 429 818 346 
268 950 0 0 139 435 214 813 60 458 
359 699 270 139 0 754 232 650 125 391 
499 362 392 435 754 0 710 6 937 273 
118 352 277 214 232 710 0 28 590 338 
404 584 429 813 650 6 28 0 486 729 
25 2 818 60 125 937 590 486 0 923 
578 326 346 458 391 273 338 729 923 0 

Hamilton Path: 
Cost = 731; Path = 2, 3, 4, 8, 1, 0, 6, 7, 5, 9
