Graph: 
0 597 59 378 933 895 392 438 681 614 
597 0 935 243 254 96 487 760 267 501 
59 935 0 215 902 834 770 556 743 271 
378 243 215 0 744 19 302 120 54 464 
933 254 902 744 0 969 682 878 630 312 
895 96 834 19 969 0 25 127 777 240 
392 487 770 302 682 25 0 558 23 324 
438 760 556 120 878 127 558 0 283 515 
681 267 743 54 630 777 23 283 0 187 
614 501 271 464 312 240 324 515 187 0 

Hamilton Path: 
Cost = 1214; Path = 0, 2, 9, 4, 1, 5, 6, 8, 3, 7
