Graph: 
0 845 29 963 212 110 140 420 931 298 
845 0 955 597 616 546 432 543 663 567 
29 955 0 280 178 862 369 623 595 510 
963 597 280 0 282 707 817 646 77 770 
212 616 178 282 0 40 753 453 52 353 
110 546 862 707 40 0 568 304 68 367 
140 432 369 817 753 568 0 877 672 653 
420 543 623 646 453 304 877 0 212 839 
931 663 595 77 52 68 672 212 0 666 
298 567 510 770 353 367 653 839 666 0 

Hamilton Path: 
Cost = 1867; Path = 1, 6, 0, 2, 3, 8, 7, 5, 4, 9
