Graph: 
0 905 605 446 810 292 522 700 
905 0 614 996 878 262 818 948 
605 614 0 398 722 138 77 233 
446 996 398 0 738 840 566 107 
810 878 722 738 0 878 486 609 
292 262 138 840 878 0 128 228 
522 818 77 566 486 128 0 287 
700 948 233 107 609 228 287 0 

Hamilton Path: 
Cost = 1903; Path = 1, 5, 0, 3, 7, 2, 6, 4
