Graph: 
0 278 459 560 912 467 265 233 
278 0 708 830 721 492 844 645 
459 708 0 895 324 36 216 661 
560 830 895 0 632 484 142 218 
912 721 324 632 0 755 89 225 
467 492 36 484 755 0 26 461 
265 844 216 142 89 26 0 115 
233 645 661 218 225 461 115 0 

Hamilton Path: 
Cost = 1257; Path = 1, 0, 7, 3, 6, 5, 2, 4
