Graph: 
0 557 686 13 625 302 748 305 244 414 
557 0 482 603 723 705 433 768 12 965 
686 482 0 215 222 742 504 454 308 884 
13 603 215 0 308 755 279 788 750 226 
625 723 222 308 0 762 982 576 227 534 
302 705 742 755 762 0 254 244 937 824 
748 433 504 279 982 254 0 548 450 461 
305 768 454 788 576 244 548 0 111 433 
244 12 308 750 227 937 450 111 0 671 
414 965 884 226 534 824 461 433 671 0 

Hamilton Path: 
Cost = 1936; Path = 2, 4, 8, 1, 6, 5, 7, 0, 3, 9
