Graph: 
0 621 337 963 997 474 355 213 363 
621 0 885 792 405 888 688 836 72 
337 885 0 988 142 62 231 503 5 
963 792 988 0 885 553 101 524 329 
997 405 142 885 0 218 741 470 312 
474 888 62 553 218 0 929 542 945 
355 688 231 101 741 929 0 833 19 
213 836 503 524 470 542 833 0 995 
363 72 5 329 312 945 19 995 0 

Hamilton Path: 
Cost = 1427; Path = 3, 6, 8, 1, 4, 5, 2, 0, 7
