Graph: 
0 604 0 843 319 971 378 536 380 
604 0 642 634 143 713 652 55 11 
0 642 0 303 74 338 930 272 351 
843 634 303 0 918 941 998 558 933 
319 143 74 918 0 698 336 209 873 
971 713 338 941 698 0 589 469 372 
378 652 930 998 336 589 0 245 665 
536 55 272 558 209 469 245 0 849 
380 11 351 933 873 372 665 849 0 

Hamilton Path: 
Cost = 1641; Path = 3, 2, 0, 4, 6, 7, 1, 8, 5
