Graph: 
0 748 637 474 484 600 265 
748 0 349 453 325 827 707 
637 349 0 22 423 789 18 
474 453 22 0 192 617 488 
484 325 423 192 0 829 484 
600 827 789 617 829 0 234 
265 707 18 488 484 234 0 

Hamilton Path: 
Cost = 1391; Path = 0, 5, 6, 2, 3, 4, 1
