Graph: 
0 587 491 81 411 791 783 
587 0 749 361 324 955 860 
491 749 0 474 679 616 878 
81 361 474 0 673 102 448 
411 324 679 673 0 937 484 
791 955 616 102 937 0 771 
783 860 878 448 484 771 0 

Hamilton Path: 
Cost = 2194; Path = 2, 5, 3, 0, 1, 4, 6
