Graph: 
0 973 503 505 186 132 973 55 143 
973 0 410 89 538 496 697 606 775 
503 410 0 971 345 501 572 649 727 
505 89 971 0 714 531 908 395 315 
186 538 345 714 0 191 719 696 604 
132 496 501 531 191 0 396 171 937 
973 697 572 908 719 396 0 190 599 
55 606 649 395 696 171 190 0 620 
143 775 727 315 604 937 599 620 0 

Hamilton Path: 
Cost = 1695; Path = 2, 1, 3, 8, 0, 4, 5, 7, 6
