Graph: 
0 259 336 20 114 421 807 795 462 488 647 
259 0 604 826 737 296 864 240 372 184 586 
336 604 0 586 838 43 273 100 156 727 832 
20 826 586 0 498 503 725 252 845 534 391 
114 737 838 498 0 91 660 736 340 15 883 
421 296 43 503 91 0 501 451 964 768 117 
807 864 273 725 660 501 0 784 601 889 92 
795 240 100 252 736 451 784 0 554 558 14 
462 372 156 845 340 964 601 554 0 38 210 
488 184 727 534 15 768 889 558 38 0 65 
647 586 832 391 883 117 92 14 210 65 0 

Hamilton Path: 
Cost = 992; Path = 3, 0, 4, 5, 2, 8, 9, 1, 7, 10, 6
