Graph: 
0 505 98 919 932 942 945 645 539 936 318 
505 0 757 232 157 953 94 912 445 844 636 
98 757 0 594 856 686 416 800 502 956 989 
919 232 594 0 637 871 948 334 746 58 784 
932 157 856 637 0 110 238 438 213 389 376 
942 953 686 871 110 0 46 859 592 74 815 
945 94 416 948 238 46 0 572 4 156 798 
645 912 800 334 438 859 572 0 405 930 453 
539 445 502 746 213 592 4 405 0 66 946 
936 844 956 58 389 74 156 930 66 0 500 
318 636 989 784 376 815 798 453 946 500 0 

Hamilton Path: 
Cost = 1644; Path = 1, 4, 5, 6, 8, 9, 3, 7, 10, 0, 2
