Graph: 
0 589 666 113 899 688 705 984 540 
589 0 741 192 326 965 106 705 992 
666 741 0 131 565 528 294 773 492 
113 192 131 0 798 861 152 165 334 
899 326 565 798 0 478 707 688 433 
688 965 528 861 478 0 294 58 368 
705 106 294 152 707 294 0 123 240 
984 705 773 165 688 58 123 0 532 
540 992 492 334 433 368 240 532 0 

Hamilton Path: 
Cost = 1717; Path = 0, 3, 2, 8, 5, 7, 6, 1, 4
