Graph: 
0 277 79 232 221 97 37 281 227 
277 0 193 767 222 115 375 607 825 
79 193 0 693 740 653 9 365 916 
232 767 693 0 956 936 403 497 977 
221 222 740 956 0 463 147 897 94 
97 115 653 936 463 0 551 419 309 
37 375 9 403 147 551 0 841 552 
281 607 365 497 897 419 841 0 328 
227 825 916 977 94 309 552 328 0 

Hamilton Path: 
Cost = 1215; Path = 3, 0, 5, 1, 2, 6, 4, 8, 7
