Graph: 
0 54 767 560 697 831 480 
54 0 638 25 510 833 100 
767 638 0 603 288 236 78 
560 25 603 0 236 330 426 
697 510 288 236 0 934 76 
831 833 236 330 934 0 387 
480 100 78 426 76 387 0 

Hamilton Path: 
Cost = 705; Path = 0, 1, 3, 4, 6, 2, 5
