Graph: 
0 53 387 232 6 461 252 75 659 
53 0 123 962 10 457 631 900 234 
387 123 0 401 705 852 871 244 326 
232 962 401 0 560 782 687 375 228 
6 10 705 560 0 642 135 914 353 
461 457 852 782 642 0 912 656 187 
252 631 871 687 135 912 0 798 899 
75 900 244 375 914 656 798 0 111 
659 234 326 228 353 187 899 111 0 

Hamilton Path: 
Cost = 1234; Path = 5, 8, 3, 0, 7, 2, 1, 4, 6
