Graph: 
0 471 553 570 243 297 177 739 558 403 
471 0 948 350 837 790 245 373 909 222 
553 948 0 638 923 635 192 554 431 691 
570 350 638 0 886 167 881 351 369 351 
243 837 923 886 0 608 220 697 909 700 
297 790 635 167 608 0 767 86 238 708 
177 245 192 881 220 767 0 389 495 758 
739 373 554 351 697 86 389 0 97 959 
558 909 431 369 909 238 495 97 0 247 
403 222 691 351 700 708 758 959 247 0 

Hamilton Path: 
Cost = 1945; Path = 2, 6, 4, 0, 1, 9, 8, 7, 5, 3
