Graph: 
0 284 814 401 404 700 718 
284 0 376 926 614 366 315 
814 376 0 237 215 685 378 
401 926 237 0 579 70 64 
404 614 215 579 0 440 83 
700 366 685 70 440 0 163 
718 315 378 64 83 163 0 

Hamilton Path: 
Cost = 1082; Path = 0, 1, 5, 3, 6, 4, 2
