Graph: 
0 465 344 443 233 767 218 535 190 932 482 
465 0 875 288 118 663 711 963 31 985 743 
344 875 0 226 269 10 522 606 202 550 112 
443 288 226 0 855 969 29 613 419 466 649 
233 118 269 855 0 156 694 535 462 810 973 
767 663 10 969 156 0 132 300 31 276 713 
218 711 522 29 694 132 0 756 382 43 186 
535 963 606 613 535 300 756 0 977 452 279 
190 31 202 419 462 31 382 977 0 190 692 
932 985 550 466 810 276 43 452 190 0 210 
482 743 112 649 973 713 186 279 692 210 0 

Hamilton Path: 
Cost = 1210; Path = 0, 4, 1, 8, 5, 2, 3, 6, 9, 10, 7
