Graph: 
0 928 815 506 628 491 966 125 568 789 
928 0 729 550 158 11 941 436 340 227 
815 729 0 537 543 619 879 559 859 534 
506 550 537 0 1 341 347 992 851 994 
628 158 543 1 0 559 907 118 294 255 
491 11 619 341 559 0 750 606 739 106 
966 941 879 347 907 750 0 450 241 36 
125 436 559 992 118 606 450 0 538 959 
568 340 859 851 294 739 241 538 0 440 
789 227 534 994 255 106 36 959 440 0 

Hamilton Path: 
Cost = 1743; Path = 1, 5, 9, 6, 8, 0, 7, 4, 3, 2
