Graph: 
0 917 486 770 24 436 46 797 250 
917 0 599 301 221 593 516 28 559 
486 599 0 226 830 433 152 728 968 
770 301 226 0 908 239 858 78 26 
24 221 830 908 0 488 924 803 436 
436 593 433 239 488 0 878 886 670 
46 516 152 858 924 878 0 727 659 
797 28 728 78 803 886 727 0 343 
250 559 968 26 436 670 659 343 0 

Hamilton Path: 
Cost = 1008; Path = 5, 2, 6, 0, 4, 1, 7, 3, 8
