Graph: 
0 396 849 870 727 92 
396 0 997 502 247 170 
849 997 0 727 244 821 
870 502 727 0 191 654 
727 247 244 191 0 847 
92 170 821 654 847 0 

Hamilton Path: 
Cost = 1199; Path = 0, 5, 1, 3, 4, 2
