Graph: 
0 108 300 624 937 812 875 767 965 124 
108 0 0 275 856 962 454 923 789 148 
300 0 0 117 591 228 563 482 333 550 
624 275 117 0 666 914 590 971 455 702 
937 856 591 666 0 818 183 871 747 443 
812 962 228 914 818 0 930 57 123 62 
875 454 563 590 183 930 0 995 216 726 
767 923 482 971 871 57 995 0 848 308 
965 789 333 455 747 123 216 848 0 741 
124 148 550 702 443 62 726 308 741 0 

Hamilton Path: 
Cost = 1236; Path = 3, 2, 1, 0, 9, 7, 5, 8, 6, 4
