Graph: 
0 811 183 81 625 426 568 246 
811 0 819 167 536 613 605 55 
183 819 0 766 715 417 16 233 
81 167 766 0 70 256 164 437 
625 536 715 70 0 758 496 475 
426 613 417 256 758 0 410 887 
568 605 16 164 496 410 0 958 
246 55 233 437 475 887 958 0 

Hamilton Path: 
Cost = 1147; Path = 4, 3, 1, 7, 0, 2, 6, 5
