Graph: 
0 10 733 104 721 405 77 306 
10 0 403 300 562 232 484 564 
733 403 0 201 951 243 796 67 
104 300 201 0 451 64 557 898 
721 562 951 451 0 66 691 741 
405 232 243 64 66 0 74 293 
77 484 796 557 691 74 0 848 
306 564 67 898 741 293 848 0 

Hamilton Path: 
Cost = 795; Path = 4, 5, 6, 0, 1, 3, 2, 7
