Graph: 
0 802 33 930 778 658 972 15 119 893 
802 0 246 828 704 202 726 647 484 328 
33 246 0 621 286 528 401 150 436 441 
930 828 621 0 496 13 176 556 203 418 
778 704 286 496 0 977 348 272 0 175 
658 202 528 13 977 0 848 774 810 103 
972 726 401 176 348 848 0 740 288 750 
15 647 150 556 272 774 740 0 635 984 
119 484 436 203 0 810 288 635 0 366 
893 328 441 418 175 103 750 984 366 0 

Hamilton Path: 
Cost = 997; Path = 1, 2, 7, 0, 8, 4, 9, 5, 3, 6
