Graph: 
0 538 381 158 662 375 
538 0 771 846 957 887 
381 771 0 417 965 579 
158 846 417 0 766 170 
662 957 965 766 0 451 
375 887 579 170 451 0 

Hamilton Path: 
Cost = 1931; Path = 1, 2, 0, 3, 5, 4
