Graph: 
0 902 151 40 604 152 372 245 
902 0 698 860 404 845 970 678 
151 698 0 54 321 623 517 228 
40 860 54 0 788 160 12 685 
604 404 321 788 0 269 294 282 
152 845 623 160 269 0 584 475 
372 970 517 12 294 584 0 605 
245 678 228 685 282 475 605 0 

Hamilton Path: 
Cost = 1364; Path = 1, 4, 5, 0, 7, 2, 3, 6
