Graph: 
0 836 750 705 397 192 215 766 838 993 604 
836 0 618 64 590 472 191 33 857 867 445 
750 618 0 886 869 778 797 118 865 713 819 
705 64 886 0 194 32 847 484 482 696 794 
397 590 869 194 0 174 717 741 103 999 835 
192 472 778 32 174 0 272 453 223 30 600 
215 191 797 847 717 272 0 198 598 337 973 
766 33 118 484 741 453 198 0 120 398 862 
838 857 865 482 103 223 598 120 0 93 832 
993 867 713 696 999 30 337 398 93 0 53 
604 445 819 794 835 600 973 862 832 53 0 

Hamilton Path: 
Cost = 1224; Path = 2, 7, 1, 6, 0, 5, 3, 4, 8, 9, 10
