Graph: 
0 317 762 236 962 510 291 987 280 
317 0 102 114 721 269 10 836 22 
762 102 0 267 747 910 794 787 816 
236 114 267 0 643 149 606 422 667 
962 721 747 643 0 947 312 269 822 
510 269 910 149 947 0 773 294 573 
291 10 794 606 312 773 0 182 66 
987 836 787 422 269 294 182 0 287 
280 22 816 667 822 573 66 287 0 

Hamilton Path: 
Cost = 1406; Path = 2, 1, 6, 8, 0, 3, 5, 7, 4
