Graph: 
0 292 619 259 844 853 16 841 
292 0 617 441 536 230 145 638 
619 617 0 409 947 936 436 500 
259 441 409 0 627 803 284 760 
844 536 947 627 0 433 496 551 
853 230 936 803 433 0 798 937 
16 145 436 284 496 798 0 28 
841 638 500 760 551 937 28 0 

Hamilton Path: 
Cost = 1907; Path = 2, 7, 6, 0, 3, 1, 5, 4
