Graph: 
0 538 629 609 816 416 505 93 535 205 393 
538 0 871 877 166 126 40 521 935 168 881 
629 871 0 28 595 582 555 782 838 487 889 
609 877 28 0 204 274 624 767 287 154 445 
816 166 595 204 0 365 417 429 463 635 483 
416 126 582 274 365 0 966 609 779 499 307 
505 40 555 624 417 966 0 864 582 202 972 
93 521 782 767 429 609 864 0 469 560 230 
535 935 838 287 463 779 582 469 0 291 513 
205 168 487 154 635 499 202 560 291 0 258 
393 881 889 445 483 307 972 230 513 258 0 

Hamilton Path: 
Cost = 1941; Path = 2, 3, 4, 6, 1, 5, 10, 7, 0, 9, 8
