Graph: 
0 984 485 784 372 402 497 594 604 
984 0 985 152 907 797 262 811 686 
485 985 0 315 522 576 711 96 729 
784 152 315 0 735 558 88 514 360 
372 907 522 735 0 27 128 87 283 
402 797 576 558 27 0 599 51 524 
497 262 711 88 128 599 0 429 662 
594 811 96 514 87 51 429 0 167 
604 686 729 360 283 524 662 167 0 

Hamilton Path: 
Cost = 1545; Path = 1, 3, 6, 4, 5, 0, 2, 7, 8
