Graph: 
0 500 977 528 638 205 128 
500 0 786 805 930 140 343 
977 786 0 530 473 926 938 
528 805 530 0 904 878 153 
638 930 473 904 0 35 878 
205 140 926 878 35 0 142 
128 343 938 153 878 142 0 

Hamilton Path: 
Cost = 1429; Path = 2, 4, 5, 1, 0, 6, 3
