Graph: 
0 308 70 386 741 646 754 318 128 706 52 
308 0 719 116 700 461 321 963 655 932 932 
70 719 0 783 43 882 640 10 663 149 814 
386 116 783 0 453 898 567 519 421 136 122 
741 700 43 453 0 579 840 291 771 392 815 
646 461 882 898 579 0 573 227 543 112 579 
754 321 640 567 840 573 0 374 358 77 627 
318 963 10 519 291 227 374 0 699 889 953 
128 655 663 421 771 543 358 699 0 403 498 
706 932 149 136 392 112 77 889 403 0 326 
52 932 814 122 815 579 627 953 498 326 0 

Hamilton Path: 
Cost = 1208; Path = 4, 2, 7, 5, 9, 6, 1, 3, 10, 0, 8
