Graph: 
0 412 569 265 806 348 732 571 761 624 759 
412 0 892 325 675 814 853 330 581 649 369 
569 892 0 773 59 600 177 965 302 880 739 
265 325 773 0 52 470 702 664 676 116 143 
806 675 59 52 0 562 760 919 596 87 664 
348 814 600 470 562 0 421 986 460 25 557 
732 853 177 702 760 421 0 614 205 196 912 
571 330 965 664 919 986 614 0 850 165 789 
761 581 302 676 596 460 205 850 0 83 75 
624 649 880 116 87 25 196 165 83 0 658 
759 369 739 143 664 557 912 789 75 658 0 

Hamilton Path: 
Cost = 1701; Path = 1, 7, 9, 5, 0, 3, 4, 2, 6, 8, 10
