Graph: 
0 59 54 876 942 684 414 815 982 745 413 
59 0 471 125 531 664 494 926 966 11 22 
54 471 0 310 760 138 582 704 895 547 429 
876 125 310 0 304 883 330 424 113 648 861 
942 531 760 304 0 52 434 30 125 415 583 
684 664 138 883 52 0 241 854 416 42 557 
414 494 582 330 434 241 0 308 178 958 461 
815 926 704 424 30 854 308 0 749 713 32 
982 966 895 113 125 416 178 749 0 588 331 
745 11 547 648 415 42 958 713 588 0 831 
413 22 429 861 583 557 461 32 331 831 0 

Hamilton Path: 
Cost = 881; Path = 6, 8, 3, 2, 0, 1, 9, 5, 4, 7, 10
