Graph: 
0 280 438 184 433 883 543 501 883 57 939 
280 0 220 827 441 651 328 529 101 250 760 
438 220 0 188 632 446 652 655 92 593 660 
184 827 188 0 666 744 563 232 445 484 317 
433 441 632 666 0 498 722 392 642 637 323 
883 651 446 744 498 0 837 270 139 3 22 
543 328 652 563 722 837 0 385 952 299 609 
501 529 655 232 392 270 385 0 967 920 423 
883 101 92 445 642 139 952 967 0 128 952 
57 250 593 484 637 3 299 920 128 0 81 
939 760 660 317 323 22 609 423 952 81 0 

Hamilton Path: 
Cost = 1683; Path = 4, 10, 5, 9, 0, 1, 8, 2, 3, 7, 6
