Graph: 
0 773 779 451 602 256 541 51 
773 0 834 126 509 866 572 740 
779 834 0 879 223 764 376 155 
451 126 879 0 208 963 810 84 
602 509 223 208 0 342 300 235 
256 866 764 963 342 0 209 831 
541 572 376 810 300 209 0 91 
51 740 155 84 235 831 91 0 

Hamilton Path: 
Cost = 1228; Path = 1, 3, 4, 2, 7, 0, 5, 6
