Graph: 
0 616 87 464 736 587 208 641 
616 0 150 171 983 411 573 815 
87 150 0 675 880 106 796 403 
464 171 675 0 639 128 325 399 
736 983 880 639 0 59 493 537 
587 411 106 128 59 0 291 234 
208 573 796 325 493 291 0 750 
641 815 403 399 537 234 750 0 

Hamilton Path: 
Cost = 1308; Path = 4, 5, 7, 3, 1, 2, 0, 6
