Graph: 
0 88 613 441 283 515 53 200 747 
88 0 774 455 590 767 927 427 662 
613 774 0 117 751 681 430 931 615 
441 455 117 0 448 781 79 305 303 
283 590 751 448 0 215 333 220 545 
515 767 681 781 215 0 545 116 703 
53 927 430 79 333 545 0 990 429 
200 427 931 305 220 116 990 0 762 
747 662 615 303 545 703 429 762 0 

Hamilton Path: 
Cost = 1640; Path = 2, 3, 6, 0, 1, 7, 5, 4, 8
