Graph: 
0 926 818 453 338 874 921 178 517 59 733 
926 0 866 153 826 104 612 568 826 908 939 
818 866 0 696 706 292 330 710 932 754 981 
453 153 696 0 218 997 45 270 820 125 696 
338 826 706 218 0 462 649 567 396 632 614 
874 104 292 997 462 0 158 252 764 109 5 
921 612 330 45 649 158 0 813 302 529 579 
178 568 710 270 567 252 813 0 326 491 693 
517 826 932 820 396 764 302 326 0 407 218 
59 908 754 125 632 109 529 491 407 0 716 
733 939 981 696 614 5 579 693 218 716 0 

Hamilton Path: 
Cost = 2027; Path = 1, 5, 10, 8, 4, 7, 0, 9, 3, 6, 2
