Graph: 
0 518 590 633 777 731 28 
518 0 611 552 220 295 491 
590 611 0 388 497 340 718 
633 552 388 0 849 877 849 
777 220 497 849 0 322 477 
731 295 340 877 322 0 459 
28 491 718 849 477 459 0 

Hamilton Path: 
Cost = 1748; Path = 0, 6, 4, 1, 5, 2, 3
