Graph: 
0 990 840 625 864 635 950 733 127 
990 0 653 247 799 670 733 388 835 
840 653 0 656 413 225 873 880 382 
625 247 656 0 682 144 11 361 711 
864 799 413 682 0 712 123 957 43 
635 670 225 144 712 0 736 244 510 
950 733 873 11 123 736 0 778 953 
733 388 880 361 957 244 778 0 766 
127 835 382 711 43 510 953 766 0 

Hamilton Path: 
Cost = 1408; Path = 0, 8, 4, 6, 3, 1, 7, 5, 2
