Graph: 
0 694 910 167 287 310 326 515 875 123 12 
694 0 730 730 356 418 402 296 479 3 613 
910 730 0 137 382 768 583 617 694 352 163 
167 730 137 0 217 101 580 322 199 152 192 
287 356 382 217 0 593 626 38 942 243 811 
310 418 768 101 593 0 720 2 681 314 542 
326 402 583 580 626 720 0 907 645 445 431 
515 296 617 322 38 2 907 0 617 103 137 
875 479 694 199 942 681 645 617 0 243 756 
123 3 352 152 243 314 445 103 243 0 793 
12 613 163 192 811 542 431 137 756 793 0 

Hamilton Path: 
Cost = 1381; Path = 6, 0, 10, 2, 3, 5, 7, 4, 1, 9, 8
