Graph: 
0 410 9 569 660 479 323 
410 0 906 112 62 908 978 
9 906 0 241 867 720 438 
569 112 241 0 186 973 305 
660 62 867 186 0 525 80 
479 908 720 973 525 0 969 
323 978 438 305 80 969 0 

Hamilton Path: 
Cost = 983; Path = 5, 0, 2, 3, 1, 4, 6
