Graph: 
0 22 271 524 786 153 608 767 865 231 
22 0 399 497 441 444 623 84 347 107 
271 399 0 569 921 813 979 266 209 863 
524 497 569 0 944 487 338 256 135 718 
786 441 921 944 0 190 168 928 203 942 
153 444 813 487 190 0 943 784 755 857 
608 623 979 338 168 943 0 101 885 554 
767 84 266 256 928 784 101 0 373 811 
865 347 209 135 203 755 885 373 0 543 
231 107 863 718 942 857 554 811 543 0 

Hamilton Path: 
Cost = 1341; Path = 2, 8, 3, 7, 6, 4, 5, 0, 1, 9
