Graph: 
0 278 183 575 451 443 342 848 
278 0 126 242 693 512 732 163 
183 126 0 722 369 345 737 49 
575 242 722 0 656 96 549 219 
451 693 369 656 0 989 894 833 
443 512 345 96 989 0 50 304 
342 732 737 549 894 50 0 107 
848 163 49 219 833 304 107 0 

Hamilton Path: 
Cost = 1157; Path = 3, 5, 6, 7, 2, 1, 0, 4
