Graph: 
0 409 528 452 6 153 193 131 999 534 441 
409 0 23 653 196 131 453 421 414 62 342 
528 23 0 518 53 29 198 234 909 632 346 
452 653 518 0 205 365 217 982 509 369 368 
6 196 53 205 0 455 5 858 160 740 287 
153 131 29 365 455 0 781 448 468 118 862 
193 453 198 217 5 781 0 61 783 539 173 
131 421 234 982 858 448 61 0 868 208 238 
999 414 909 509 160 468 783 868 0 341 745 
534 62 632 369 740 118 539 208 341 0 366 
441 342 346 368 287 862 173 238 745 366 0 

Hamilton Path: 
Cost = 1243; Path = 3, 10, 6, 7, 9, 1, 2, 5, 0, 4, 8
