Graph: 
0 656 564 172 274 528 156 339 451 
656 0 536 285 985 198 985 363 499 
564 536 0 704 188 891 790 189 294 
172 285 704 0 774 553 493 453 404 
274 985 188 774 0 792 939 775 504 
528 198 891 553 792 0 561 1 461 
156 985 790 493 939 561 0 25 549 
339 363 189 453 775 1 25 0 646 
451 499 294 404 504 461 549 646 0 

Hamilton Path: 
Cost = 1421; Path = 3, 1, 5, 7, 6, 0, 4, 2, 8
