Graph: 
0 908 782 866 556 409 748 
908 0 948 544 325 699 554 
782 948 0 569 167 962 158 
866 544 569 0 711 133 528 
556 325 167 711 0 720 484 
409 699 962 133 720 0 696 
748 554 158 528 484 696 0 

Hamilton Path: 
Cost = 1720; Path = 0, 5, 3, 6, 2, 4, 1
