Graph: 
0 916 311 739 536 539 123 853 
916 0 608 470 219 583 270 671 
311 608 0 569 944 522 736 68 
739 470 569 0 783 479 154 227 
536 219 944 783 0 947 701 608 
539 583 522 479 947 0 356 951 
123 270 736 154 701 356 0 518 
853 671 68 227 608 951 518 0 

Hamilton Path: 
Cost = 1697; Path = 4, 1, 6, 0, 2, 7, 3, 5
