Graph: 
0 922 942 565 489 795 499 377 
922 0 858 154 140 437 854 730 
942 858 0 83 790 861 377 463 
565 154 83 0 706 453 670 73 
489 140 790 706 0 398 891 869 
795 437 861 453 398 0 468 301 
499 854 377 670 891 468 0 875 
377 730 463 73 869 301 875 0 

Hamilton Path: 
Cost = 1830; Path = 0, 7, 5, 4, 1, 3, 2, 6
