Graph: 
0 193 741 99 194 627 608 807 889 
193 0 563 758 274 737 593 43 638 
741 563 0 920 980 787 150 765 501 
99 758 920 0 161 5 70 95 246 
194 274 980 161 0 404 539 352 807 
627 737 787 5 404 0 490 181 881 
608 593 150 70 539 490 0 551 195 
807 43 765 95 352 181 551 0 358 
889 638 501 246 807 881 195 358 0 

Hamilton Path: 
Cost = 1207; Path = 2, 6, 8, 3, 5, 7, 1, 0, 4
