Graph: 
0 706 55 423 714 314 12 639 
706 0 30 864 852 643 939 439 
55 30 0 964 486 312 297 399 
423 864 964 0 357 32 173 647 
714 852 486 357 0 570 291 343 
314 643 312 32 570 0 465 822 
12 939 297 173 291 465 0 397 
639 439 399 647 343 822 397 0 

Hamilton Path: 
Cost = 1084; Path = 4, 7, 1, 2, 0, 6, 3, 5
