Graph: 
0 653 181 455 325 938 624 262 161 442 
653 0 678 506 41 395 25 894 144 920 
181 678 0 989 45 595 918 161 256 110 
455 506 989 0 250 472 497 159 404 464 
325 41 45 250 0 198 223 708 573 967 
938 395 595 472 198 0 41 297 376 867 
624 25 918 497 223 41 0 286 586 491 
262 894 161 159 708 297 286 0 98 156 
161 144 256 404 573 376 586 98 0 944 
442 920 110 464 967 867 491 156 944 0 

Hamilton Path: 
Cost = 1039; Path = 0, 8, 1, 6, 5, 4, 2, 9, 7, 3
