Graph: 
0 154 274 498 192 468 466 414 522 357 445 
154 0 308 801 480 943 785 782 86 28 775 
274 308 0 905 468 772 547 155 803 481 140 
498 801 905 0 815 780 495 407 773 555 676 
192 480 468 815 0 169 318 946 0 756 876 
468 943 772 780 169 0 793 761 489 618 256 
466 785 547 495 318 793 0 869 952 761 969 
414 782 155 407 946 761 869 0 809 548 8 
522 86 803 773 0 489 952 809 0 695 523 
357 28 481 555 756 618 761 548 695 0 943 
445 775 140 676 876 256 969 8 523 943 0 

Hamilton Path: 
Cost = 1937; Path = 3, 6, 0, 2, 7, 10, 5, 4, 8, 1, 9
