Graph: 
0 989 942 578 837 762 951 174 
989 0 244 5 826 640 600 512 
942 244 0 172 482 4 936 832 
578 5 172 0 533 771 900 510 
837 826 482 533 0 937 95 154 
762 640 4 771 937 0 189 467 
951 600 936 900 95 189 0 577 
174 512 832 510 154 467 577 0 

Hamilton Path: 
Cost = 793; Path = 0, 7, 4, 6, 5, 2, 3, 1
