Graph: 
0 544 606 892 186 458 277 407 474 268 168 
544 0 676 747 655 97 484 783 608 641 462 
606 676 0 509 977 32 784 562 871 477 303 
892 747 509 0 199 323 447 408 559 759 656 
186 655 977 199 0 52 180 614 560 994 610 
458 97 32 323 52 0 746 799 433 402 680 
277 484 784 447 180 746 0 704 801 987 872 
407 783 562 408 614 799 704 0 894 498 360 
474 608 871 559 560 433 801 894 0 549 182 
268 641 477 759 994 402 987 498 549 0 305 
168 462 303 656 610 680 872 360 182 305 0 

Hamilton Path: 
Cost = 2480; Path = 1, 5, 2, 9, 0, 6, 4, 3, 7, 10, 8
