Graph: 
0 141 282 113 469 417 135 
141 0 602 581 903 648 617 
282 602 0 547 494 926 18 
113 581 547 0 4 554 720 
469 903 494 4 0 836 683 
417 648 926 554 836 0 16 
135 617 18 720 683 16 0 

Hamilton Path: 
Cost = 786; Path = 1, 0, 3, 4, 2, 6, 5
