Graph: 
0 103 878 483 446 247 108 
103 0 617 540 877 901 585 
878 617 0 660 2 273 378 
483 540 660 0 142 261 367 
446 877 2 142 0 419 487 
247 901 273 261 419 0 815 
108 585 378 367 487 815 0 

Hamilton Path: 
Cost = 994; Path = 1, 0, 6, 2, 4, 3, 5
