Graph: 
0 954 715 369 560 708 150 48 
954 0 593 511 246 330 303 986 
715 593 0 456 436 175 376 146 
369 511 456 0 645 772 508 580 
560 246 436 645 0 363 897 848 
708 330 175 772 363 0 557 7 
150 303 376 508 897 557 0 385 
48 986 146 580 848 7 385 0 

Hamilton Path: 
Cost = 1385; Path = 3, 2, 5, 7, 0, 6, 1, 4
