Graph: 
0 640 55 410 366 347 560 
640 0 644 13 166 440 193 
55 644 0 875 794 169 738 
410 13 875 0 530 713 943 
366 166 794 530 0 31 87 
347 440 169 713 31 0 744 
560 193 738 943 87 744 0 

Hamilton Path: 
Cost = 548; Path = 0, 2, 5, 4, 6, 1, 3
