Graph: 
0 891 169 762 418 882 848 
891 0 123 797 35 544 405 
169 123 0 711 144 548 378 
762 797 711 0 767 133 832 
418 35 144 767 0 433 885 
882 544 548 133 433 0 380 
848 405 378 832 885 380 0 

Hamilton Path: 
Cost = 1266; Path = 0, 2, 4, 1, 6, 5, 3
