Graph: 
0 212 634 578 51 397 736 381 137 
212 0 313 811 37 299 344 220 46 
634 313 0 464 518 805 74 953 930 
578 811 464 0 930 925 616 632 723 
51 37 518 930 0 758 107 136 560 
397 299 805 925 758 0 828 229 394 
736 344 74 616 107 828 0 621 300 
381 220 953 632 136 229 621 0 692 
137 46 930 723 560 394 300 692 0 

Hamilton Path: 
Cost = 1328; Path = 3, 2, 6, 4, 0, 8, 1, 7, 5
