Graph: 
0 6 279 698 515 265 928 851 
6 0 488 163 88 815 636 294 
279 488 0 857 550 728 236 63 
698 163 857 0 501 383 3 475 
515 88 550 501 0 457 499 414 
265 815 728 383 457 0 529 540 
928 636 236 3 499 529 0 165 
851 294 63 475 414 540 165 0 

Hamilton Path: 
Cost = 973; Path = 2, 7, 6, 3, 5, 0, 1, 4
