0 752 723 211 804 542 396 865 117 252 356 
752 0 445 762 611 857 990 705 611 244 489 
723 445 0 685 435 77 456 839 915 50 286 
211 762 685 0 650 49 694 674 139 119 56 
804 611 435 650 0 392 574 265 142 936 614 
542 857 77 49 392 0 663 208 220 468 336 
396 990 456 694 574 663 0 238 182 456 505 
865 705 839 674 265 208 238 0 937 815 207 
117 611 915 139 142 220 182 937 0 125 861 
252 244 50 119 936 468 456 815 125 0 775 
356 489 286 56 614 336 505 207 861 775 0 
