0 739 668 855 102 501 950 824 981 429 437 
739 0 469 626 266 516 47 268 286 696 250 
668 469 0 200 441 870 965 684 341 807 421 
855 626 200 0 355 890 698 853 479 555 97 
102 266 441 355 0 240 913 876 858 699 18 
501 516 870 890 240 0 390 616 971 398 616 
950 47 965 698 913 390 0 589 97 140 87 
824 268 684 853 876 616 589 0 629 411 582 
981 286 341 479 858 971 97 629 0 580 741 
429 696 807 555 699 398 140 411 580 0 933 
437 250 421 97 18 616 87 582 741 933 0 
