0 636 361 54 983 939 418 192 587 214 
636 0 330 527 254 873 653 950 150 405 
361 330 0 587 325 708 348 682 400 133 
54 527 587 0 754 684 767 324 541 616 
983 254 325 754 0 160 905 922 426 851 
939 873 708 684 160 0 772 960 525 362 
418 653 348 767 905 772 0 625 504 238 
192 950 682 324 922 960 625 0 525 214 
587 150 400 541 426 525 504 525 0 790 
214 405 133 616 851 362 238 214 790 0 
