0 549 363 436 848 645 679 229 
549 0 346 909 326 188 940 515 
363 346 0 760 142 654 717 647 
436 909 760 0 787 196 687 961 
848 326 142 787 0 287 483 645 
645 188 654 196 287 0 547 225 
679 940 717 687 483 547 0 56 
229 515 647 961 645 225 56 0 
