0 26 35 569 426 112 367 796 302 637 
26 0 772 340 884 624 51 591 16 75 
35 772 0 486 648 493 58 590 491 598 
569 340 486 0 144 115 72 270 339 3 
426 884 648 144 0 76 825 324 66 820 
112 624 493 115 76 0 939 530 357 293 
367 51 58 72 825 939 0 114 881 492 
796 591 590 270 324 530 114 0 639 348 
302 16 491 339 66 357 881 639 0 151 
637 75 598 3 820 293 492 348 151 0 
