0 329 643 561 176 653 815 85 298 
329 0 87 419 64 600 708 915 313 
643 87 0 94 855 206 869 282 859 
561 419 94 0 813 548 898 392 448 
176 64 855 813 0 557 750 463 725 
653 600 206 548 557 0 524 951 398 
815 708 869 898 750 524 0 622 435 
85 915 282 392 463 951 622 0 125 
298 313 859 448 725 398 435 125 0 
