0 392 395 464 521 952 423 
392 0 81 365 772 753 829 
395 81 0 383 844 305 658 
464 365 383 0 242 974 609 
521 772 844 242 0 238 481 
952 753 305 974 238 0 652 
423 829 658 609 481 652 0 
