0 264 552 865 402 512 267 180 342 297 655 
264 0 464 330 218 990 510 507 572 106 802 
552 464 0 499 729 526 668 492 81 8 596 
865 330 499 0 470 368 913 783 890 259 256 
402 218 729 470 0 739 638 992 158 934 828 
512 990 526 368 739 0 663 922 380 879 180 
267 510 668 913 638 663 0 545 739 26 233 
180 507 492 783 992 922 545 0 6 874 205 
342 572 81 890 158 380 739 6 0 919 763 
297 106 8 259 934 879 26 874 919 0 853 
655 802 596 256 828 180 233 205 763 853 0 
