0 17 262 976 701 535 452 390 14 
17 0 63 226 457 116 201 498 427 
262 63 0 200 727 803 375 510 996 
976 226 200 0 522 410 184 594 416 
701 457 727 522 0 293 909 805 937 
535 116 803 410 293 0 733 420 432 
452 201 375 184 909 733 0 405 64 
390 498 510 594 805 420 405 0 169 
14 427 996 416 937 432 64 169 0 
