0 1 823 903 51 905 474 271 588 
1 0 229 310 169 972 298 592 746 
823 229 0 0 590 300 11 327 383 
903 310 0 0 703 170 192 480 756 
51 169 590 703 0 547 533 348 722 
905 972 300 170 547 0 939 124 97 
474 298 11 192 533 939 0 17 16 
271 592 327 480 348 124 17 0 314 
588 746 383 756 722 97 16 314 0 
