0 485 436 501 15 449 149 936 955 
485 0 361 131 616 25 573 964 397 
436 361 0 814 267 643 512 986 647 
501 131 814 0 234 10 273 226 127 
15 616 267 234 0 65 530 359 394 
449 25 643 10 65 0 895 771 428 
149 573 512 273 530 895 0 762 779 
936 964 986 226 359 771 762 0 227 
955 397 647 127 394 428 779 227 0 
