0 605 105 186 549 317 683 
605 0 575 108 614 110 9 
105 575 0 332 702 31 658 
186 108 332 0 617 101 144 
549 614 702 617 0 224 83 
317 110 31 101 224 0 88 
683 9 658 144 83 88 0 
