0 65 474 853 423 78 81 179 
65 0 632 499 851 154 552 661 
474 632 0 773 511 620 737 376 
853 499 773 0 281 969 14 216 
423 851 511 281 0 3 291 242 
78 154 620 969 3 0 615 422 
81 552 737 14 291 615 0 303 
179 661 376 216 242 422 303 0 
