0 18 125 369 755 613 764 760 516 23 
18 0 597 350 490 363 865 619 519 817 
125 597 0 285 287 550 272 850 63 109 
369 350 285 0 396 222 707 853 907 79 
755 490 287 396 0 557 667 931 992 262 
613 363 550 222 557 0 804 361 431 40 
764 865 272 707 667 804 0 283 840 365 
760 619 850 853 931 361 283 0 852 877 
516 519 63 907 992 431 840 852 0 574 
23 817 109 79 262 40 365 877 574 0 
