0 865 922 442 69 879 268 994 179 
865 0 705 650 379 108 183 720 71 
922 705 0 825 715 881 292 810 25 
442 650 825 0 51 627 363 183 554 
69 379 715 51 0 394 321 237 804 
879 108 881 627 394 0 906 353 580 
268 183 292 363 321 906 0 947 776 
994 720 810 183 237 353 947 0 546 
179 71 25 554 804 580 776 546 0 
