0 929 573 392 441 52 
929 0 108 838 61 291 
573 108 0 598 636 201 
392 838 598 0 629 426 
441 61 636 629 0 850 
52 291 201 426 850 0 
