0 624 310 251 550 289 375 303 780 813 850 
624 0 918 469 13 528 11 156 507 956 203 
310 918 0 609 729 886 551 614 71 135 60 
251 469 609 0 854 625 568 687 827 590 772 
550 13 729 854 0 757 858 448 827 428 374 
289 528 886 625 757 0 286 42 665 939 807 
375 11 551 568 858 286 0 274 395 706 682 
303 156 614 687 448 42 274 0 298 257 879 
780 507 71 827 827 665 395 298 0 443 768 
813 956 135 590 428 939 706 257 443 0 395 
850 203 60 772 374 807 682 879 768 395 0 
