0 483 363 423 500 678 
483 0 960 58 640 985 
363 960 0 671 450 511 
423 58 671 0 960 878 
500 640 450 960 0 748 
678 985 511 878 748 0 
