0 176 509 322 747 470 936 696 
176 0 253 75 483 959 914 818 
509 253 0 263 540 756 577 218 
322 75 263 0 893 553 112 851 
747 483 540 893 0 409 881 28 
470 959 756 553 409 0 649 993 
936 914 577 112 881 649 0 228 
696 818 218 851 28 993 228 0 
