0 209 180 172 845 257 586 926 316 
209 0 397 674 563 882 496 949 318 
180 397 0 120 117 290 514 948 114 
172 674 120 0 980 245 62 209 906 
845 563 117 980 0 149 915 810 22 
257 882 290 245 149 0 284 476 216 
586 496 514 62 915 284 0 938 243 
926 949 948 209 810 476 938 0 213 
316 318 114 906 22 216 243 213 0 
