0 228 245 77 632 915 188 344 302 510 
228 0 710 81 891 550 862 972 563 934 
245 710 0 974 305 507 609 859 902 32 
77 81 974 0 696 481 212 691 285 673 
632 891 305 696 0 198 835 322 573 805 
915 550 507 481 198 0 766 431 788 721 
188 862 609 212 835 766 0 283 149 980 
344 972 859 691 322 431 283 0 725 280 
302 563 902 285 573 788 149 725 0 722 
510 934 32 673 805 721 980 280 722 0 
