0 103 567 844 12 428 498 801 440 732 
103 0 160 834 909 138 4 739 367 738 
567 160 0 87 676 109 859 134 231 444 
844 834 87 0 892 313 186 977 699 988 
12 909 676 892 0 142 22 413 53 58 
428 138 109 313 142 0 364 485 190 629 
498 4 859 186 22 364 0 839 820 226 
801 739 134 977 413 485 839 0 361 281 
440 367 231 699 53 190 820 361 0 874 
732 738 444 988 58 629 226 281 874 0 
