0 102 161 969 885 44 389 966 894 606 120 
102 0 901 810 677 971 669 233 129 639 689 
161 901 0 500 518 22 3 305 504 262 382 
969 810 500 0 730 404 454 29 142 731 979 
885 677 518 730 0 837 36 240 323 954 406 
44 971 22 404 837 0 987 955 213 896 437 
389 669 3 454 36 987 0 838 210 815 837 
966 233 305 29 240 955 838 0 197 354 92 
894 129 504 142 323 213 210 197 0 938 239 
606 639 262 731 954 896 815 354 938 0 899 
120 689 382 979 406 437 837 92 239 899 0 
