0 173 443 745 209 473 372 399 95 375 771 
173 0 554 683 279 8 508 361 992 308 792 
443 554 0 788 284 682 370 749 344 848 279 
745 683 788 0 231 176 791 611 213 185 968 
209 279 284 231 0 744 985 395 325 179 852 
473 8 682 176 744 0 775 602 392 504 526 
372 508 370 791 985 775 0 480 481 829 286 
399 361 749 611 395 602 480 0 859 377 447 
95 992 344 213 325 392 481 859 0 466 133 
375 308 848 185 179 504 829 377 466 0 991 
771 792 279 968 852 526 286 447 133 991 0 
