0 38 52 501 586 178 579 522 819 
38 0 223 520 193 708 85 550 215 
52 223 0 229 196 42 235 745 467 
501 520 229 0 440 703 841 982 629 
586 193 196 440 0 422 505 393 913 
178 708 42 703 422 0 617 246 183 
579 85 235 841 505 617 0 675 474 
522 550 745 982 393 246 675 0 794 
819 215 467 629 913 183 474 794 0 
