0 380 308 843 104 336 593 329 812 
380 0 572 828 932 55 907 348 421 
308 572 0 11 38 538 792 152 761 
843 828 11 0 521 787 282 436 184 
104 932 38 521 0 876 324 226 132 
336 55 538 787 876 0 950 706 249 
593 907 792 282 324 950 0 202 13 
329 348 152 436 226 706 202 0 632 
812 421 761 184 132 249 13 632 0 
