0 564 523 135 780 31 430 837 
564 0 256 519 141 926 241 507 
523 256 0 274 765 553 936 486 
135 519 274 0 782 516 829 504 
780 141 765 782 0 965 890 971 
31 926 553 516 965 0 319 702 
430 241 936 829 890 319 0 969 
837 507 486 504 971 702 969 0 
