0 508 547 772 870 692 692 947 32 70 66 
508 0 108 290 528 374 641 539 491 117 91 
547 108 0 430 858 817 281 716 74 280 767 
772 290 430 0 192 451 705 573 618 366 501 
870 528 858 192 0 969 817 848 66 53 853 
692 374 817 451 969 0 804 938 381 746 524 
692 641 281 705 817 804 0 957 83 862 219 
947 539 716 573 848 938 957 0 802 176 96 
32 491 74 618 66 381 83 802 0 370 176 
70 117 280 366 53 746 862 176 370 0 241 
66 91 767 501 853 524 219 96 176 241 0 
