0 444 442 858 840 216 285 656 286 758 
444 0 995 78 148 108 358 499 259 126 
442 995 0 667 935 221 209 244 282 206 
858 78 667 0 296 849 889 710 50 225 
840 148 935 296 0 304 900 917 340 225 
216 108 221 849 304 0 221 903 740 568 
285 358 209 889 900 221 0 92 324 127 
656 499 244 710 917 903 92 0 481 150 
286 259 282 50 340 740 324 481 0 156 
758 126 206 225 225 568 127 150 156 0 
