0 472 703 838 994 391 74 827 40 798 874 
472 0 109 462 115 533 484 183 863 780 588 
703 109 0 75 558 44 380 477 100 559 947 
838 462 75 0 196 655 749 642 715 424 244 
994 115 558 196 0 590 302 320 907 970 522 
391 533 44 655 590 0 55 167 406 561 501 
74 484 380 749 302 55 0 402 649 78 623 
827 183 477 642 320 167 402 0 657 786 359 
40 863 100 715 907 406 649 657 0 808 199 
798 780 559 424 970 561 78 786 808 0 902 
874 588 947 244 522 501 623 359 199 902 0 
