0 68 927 259 629 218 231 634 
68 0 548 635 325 571 400 931 
927 548 0 117 911 135 298 380 
259 635 117 0 230 649 568 638 
629 325 911 230 0 612 483 569 
218 571 135 649 612 0 159 175 
231 400 298 568 483 159 0 985 
634 931 380 638 569 175 985 0 
