0 695 73 145 528 44 488 
695 0 454 801 483 342 374 
73 454 0 620 309 237 158 
145 801 620 0 336 6 993 
528 483 309 336 0 734 881 
44 342 237 6 734 0 261 
488 374 158 993 881 261 0 
