0 949 259 574 95 349 697 468 517 
949 0 334 658 327 487 965 284 258 
259 334 0 598 476 747 151 410 440 
574 658 598 0 847 558 696 585 284 
95 327 476 847 0 453 930 782 91 
349 487 747 558 453 0 967 592 8 
697 965 151 696 930 967 0 237 133 
468 284 410 585 782 592 237 0 516 
517 258 440 284 91 8 133 516 0 
