0 756 789 789 341 539 960 163 514 666 
756 0 144 154 815 808 396 162 857 608 
789 144 0 161 691 150 664 308 171 462 
789 154 161 0 312 426 15 914 838 770 
341 815 691 312 0 57 470 898 960 585 
539 808 150 426 57 0 537 599 468 726 
960 396 664 15 470 537 0 986 166 273 
163 162 308 914 898 599 986 0 828 303 
514 857 171 838 960 468 166 828 0 444 
666 608 462 770 585 726 273 303 444 0 
