0 776 233 857 808 396 690 506 
776 0 750 262 984 283 420 10 
233 750 0 223 624 279 936 159 
857 262 223 0 158 643 365 507 
808 984 624 158 0 951 492 562 
396 283 279 643 951 0 754 584 
690 420 936 365 492 754 0 773 
506 10 159 507 562 584 773 0 
