0 229 866 355 499 554 408 492 534 211 
229 0 624 494 828 77 23 445 445 124 
866 624 0 120 957 836 647 499 831 364 
355 494 120 0 198 377 573 876 58 552 
499 828 957 198 0 753 765 461 224 604 
554 77 836 377 753 0 669 417 636 954 
408 23 647 573 765 669 0 944 30 875 
492 445 499 876 461 417 944 0 299 969 
534 445 831 58 224 636 30 299 0 934 
211 124 364 552 604 954 875 969 934 0 
