0 473 555 177 801 305 625 838 
473 0 376 826 273 694 875 884 
555 376 0 986 159 347 436 491 
177 826 986 0 64 612 981 256 
801 273 159 64 0 454 92 164 
305 694 347 612 454 0 145 114 
625 875 436 981 92 145 0 322 
838 884 491 256 164 114 322 0 
