0 693 794 771 810 800 261 590 683 
693 0 530 496 10 935 772 321 968 
794 530 0 934 794 633 14 607 378 
771 496 934 0 511 85 143 956 277 
810 10 794 511 0 667 912 820 695 
800 935 633 85 667 0 240 123 547 
261 772 14 143 912 240 0 684 7 
590 321 607 956 820 123 684 0 127 
683 968 378 277 695 547 7 127 0 
