0 59 501 123 322 426 712 18 96 727 
59 0 393 707 466 180 410 42 815 866 
501 393 0 798 527 555 203 684 293 847 
123 707 798 0 680 19 987 758 8 551 
322 466 527 680 0 65 141 973 394 641 
426 180 555 19 65 0 621 905 841 71 
712 410 203 987 141 621 0 760 343 374 
18 42 684 758 973 905 760 0 854 44 
96 815 293 8 394 841 343 854 0 662 
727 866 847 551 641 71 374 44 662 0 
