0 918 425 188 304 666 234 724 376 28 775 
918 0 672 102 898 973 230 513 551 138 499 
425 672 0 612 369 985 854 927 680 92 967 
188 102 612 0 272 839 895 316 101 189 934 
304 898 369 272 0 971 674 377 199 540 38 
666 973 985 839 971 0 428 184 355 179 71 
234 230 854 895 674 428 0 378 519 767 700 
724 513 927 316 377 184 378 0 575 733 266 
376 551 680 101 199 355 519 575 0 817 515 
28 138 92 189 540 179 767 733 817 0 477 
775 499 967 934 38 71 700 266 515 477 0 
