0 462 573 898 615 35 101 
462 0 801 764 904 393 310 
573 801 0 642 982 272 298 
898 764 642 0 42 585 800 
615 904 982 42 0 619 682 
35 393 272 585 619 0 941 
101 310 298 800 682 941 0 
