0 867 829 594 633 534 73 858 393 859 234 
867 0 245 49 560 132 919 882 816 236 710 
829 245 0 324 443 872 619 33 557 699 298 
594 49 324 0 989 200 69 400 182 353 320 
633 560 443 989 0 667 575 873 398 204 582 
534 132 872 200 667 0 25 478 597 779 326 
73 919 619 69 575 25 0 741 35 184 788 
858 882 33 400 873 478 741 0 999 251 24 
393 816 557 182 398 597 35 999 0 46 328 
859 236 699 353 204 779 184 251 46 0 208 
234 710 298 320 582 326 788 24 328 208 0 
