0 60 299 380 387 344 810 163 395 416 398 
60 0 435 554 72 810 487 5 217 73 89 
299 435 0 761 227 468 107 135 827 431 991 
380 554 761 0 524 331 750 71 629 539 124 
387 72 227 524 0 63 36 756 528 389 751 
344 810 468 331 63 0 455 471 137 512 794 
810 487 107 750 36 455 0 992 2 242 999 
163 5 135 71 756 471 992 0 687 623 298 
395 217 827 629 528 137 2 687 0 980 348 
416 73 431 539 389 512 242 623 980 0 316 
398 89 991 124 751 794 999 298 348 316 0 
