0 570 154 962 732 288 806 
570 0 506 203 62 780 824 
154 506 0 789 611 893 578 
962 203 789 0 705 489 345 
732 62 611 705 0 416 80 
288 780 893 489 416 0 431 
806 824 578 345 80 431 0 
