0 311 519 238 679 396 501 621 621 840 801 
311 0 69 174 71 881 868 590 701 205 387 
519 69 0 620 45 12 505 926 234 473 593 
238 174 620 0 8 479 324 758 293 445 839 
679 71 45 8 0 439 419 701 624 56 292 
396 881 12 479 439 0 331 307 332 784 287 
501 868 505 324 419 331 0 759 437 783 47 
621 590 926 758 701 307 759 0 97 134 596 
621 701 234 293 624 332 437 97 0 707 728 
840 205 473 445 56 784 783 134 707 0 67 
801 387 593 839 292 287 47 596 728 67 0 
