0 846 410 291 903 479 368 372 
846 0 470 661 116 923 901 581 
410 470 0 482 761 246 576 920 
291 661 482 0 958 255 556 367 
903 116 761 958 0 332 694 781 
479 923 246 255 332 0 43 346 
368 901 576 556 694 43 0 150 
372 581 920 367 781 346 150 0 
