0 137 724 365 32 931 681 549 997 
137 0 753 970 958 835 412 465 422 
724 753 0 174 465 719 730 844 741 
365 970 174 0 355 713 20 777 958 
32 958 465 355 0 701 744 459 639 
931 835 719 713 701 0 973 895 614 
681 412 730 20 744 973 0 88 256 
549 465 844 777 459 895 88 0 81 
997 422 741 958 639 614 256 81 0 
