0 122 460 323 870 198 625 375 688 65 
122 0 910 886 671 700 755 916 775 398 
460 910 0 631 214 127 783 321 660 298 
323 886 631 0 661 233 732 513 176 156 
870 671 214 661 0 496 590 197 805 13 
198 700 127 233 496 0 702 533 703 43 
625 755 783 732 590 702 0 909 924 573 
375 916 321 513 197 533 909 0 695 690 
688 775 660 176 805 703 924 695 0 512 
65 398 298 156 13 43 573 690 512 0 
