0 793 465 634 256 553 363 617 860 
793 0 60 946 775 61 99 235 175 
465 60 0 879 63 310 509 706 652 
634 946 879 0 426 95 322 751 606 
256 775 63 426 0 945 150 886 421 
553 61 310 95 945 0 595 772 978 
363 99 509 322 150 595 0 96 788 
617 235 706 751 886 772 96 0 414 
860 175 652 606 421 978 788 414 0 
