0 424 32 661 646 943 386 475 628 490 
424 0 350 847 911 893 943 485 784 883 
32 350 0 840 50 366 555 305 54 199 
661 847 840 0 55 104 970 42 40 240 
646 911 50 55 0 467 244 659 296 642 
943 893 366 104 467 0 812 119 505 860 
386 943 555 970 244 812 0 95 949 560 
475 485 305 42 659 119 95 0 574 858 
628 784 54 40 296 505 949 574 0 191 
490 883 199 240 642 860 560 858 191 0 
