0 653 111 766 68 387 7 884 630 
653 0 620 149 511 781 137 93 772 
111 620 0 361 788 376 230 185 478 
766 149 361 0 824 872 939 31 587 
68 511 788 824 0 183 747 448 966 
387 781 376 872 183 0 17 248 283 
7 137 230 939 747 17 0 343 492 
884 93 185 31 448 248 343 0 168 
630 772 478 587 966 283 492 168 0 
