0 889 166 373 160 663 544 581 806 
889 0 780 81 590 117 915 42 587 
166 780 0 198 584 635 713 49 312 
373 81 198 0 919 600 574 993 585 
160 590 584 919 0 132 110 151 318 
663 117 635 600 132 0 335 933 509 
544 915 713 574 110 335 0 899 242 
581 42 49 993 151 933 899 0 649 
806 587 312 585 318 509 242 649 0 
