0 267 477 281 725 196 740 
267 0 132 768 352 191 279 
477 132 0 552 147 961 78 
281 768 552 0 611 457 961 
725 352 147 611 0 920 679 
196 191 961 457 920 0 822 
740 279 78 961 679 822 0 
