0 490 893 296 480 808 602 516 
490 0 620 984 535 869 911 666 
893 620 0 671 227 71 737 722 
296 984 671 0 32 224 84 222 
480 535 227 32 0 975 496 425 
808 869 71 224 975 0 485 187 
602 911 737 84 496 485 0 911 
516 666 722 222 425 187 911 0 
