0 861 468 36 862 739 118 539 358 
861 0 789 513 905 691 335 449 343 
468 789 0 481 315 366 732 806 208 
36 513 481 0 102 947 809 760 737 
862 905 315 102 0 785 129 910 267 
739 691 366 947 785 0 361 600 402 
118 335 732 809 129 361 0 264 720 
539 449 806 760 910 600 264 0 67 
358 343 208 737 267 402 720 67 0 
