0 469 932 292 376 659 956 592 326 702 122 
469 0 34 938 900 263 83 900 26 32 430 
932 34 0 492 271 306 155 914 501 359 629 
292 938 492 0 384 271 520 167 596 471 294 
376 900 271 384 0 53 290 558 258 901 768 
659 263 306 271 53 0 864 100 390 475 103 
956 83 155 520 290 864 0 729 614 863 942 
592 900 914 167 558 100 729 0 522 270 203 
326 26 501 596 258 390 614 522 0 35 669 
702 32 359 471 901 475 863 270 35 0 67 
122 430 629 294 768 103 942 203 669 67 0 
