0 87 410 92 790 424 702 246 667 61 236 
87 0 387 826 761 493 374 879 867 169 567 
410 387 0 732 216 882 91 446 976 916 721 
92 826 732 0 114 649 742 712 948 665 43 
790 761 216 114 0 366 356 536 97 864 943 
424 493 882 649 366 0 1 654 635 652 233 
702 374 91 742 356 1 0 289 173 872 836 
246 879 446 712 536 654 289 0 303 432 547 
667 867 976 948 97 635 173 303 0 70 589 
61 169 916 665 864 652 872 432 70 0 0 
236 567 721 43 943 233 836 547 589 0 0 
