0 790 946 309 361 42 143 910 71 57 
790 0 737 291 864 505 805 887 912 222 
946 737 0 248 480 761 535 18 681 570 
309 291 248 0 775 826 849 715 97 284 
361 864 480 775 0 616 192 945 546 444 
42 505 761 826 616 0 146 9 892 31 
143 805 535 849 192 146 0 235 602 998 
910 887 18 715 945 9 235 0 549 69 
71 912 681 97 546 892 602 549 0 79 
57 222 570 284 444 31 998 69 79 0 
