0 37 154 455 558 305 
37 0 813 278 220 678 
154 813 0 745 265 821 
455 278 745 0 291 330 
558 220 265 291 0 647 
305 678 821 330 647 0 
