0 969 50 99 980 992 823 600 322 
969 0 494 953 63 78 849 336 47 
50 494 0 627 944 986 12 645 911 
99 953 627 0 764 851 354 973 498 
980 63 944 764 0 582 527 369 67 
992 78 986 851 582 0 851 418 759 
823 849 12 354 527 851 0 507 543 
600 336 645 973 369 418 507 0 141 
322 47 911 498 67 759 543 141 0 
