0 92 589 119 95 549 377 415 307 435 981 
92 0 150 849 643 833 741 178 138 434 664 
589 150 0 251 897 419 416 774 475 323 663 
119 849 251 0 265 386 803 41 599 281 324 
95 643 897 265 0 56 225 938 59 475 977 
549 833 419 386 56 0 947 278 992 114 91 
377 741 416 803 225 947 0 897 733 789 596 
415 178 774 41 938 278 897 0 895 790 418 
307 138 475 599 59 992 733 895 0 11 105 
435 434 323 281 475 114 789 790 11 0 377 
981 664 663 324 977 91 596 418 105 377 0 
