0 453 352 59 511 716 887 691 73 372 
453 0 170 68 542 369 544 471 756 384 
352 170 0 868 295 165 994 984 710 695 
59 68 868 0 44 743 254 127 482 149 
511 542 295 44 0 823 58 310 414 783 
716 369 165 743 823 0 356 72 666 821 
887 544 994 254 58 356 0 922 366 253 
691 471 984 127 310 72 922 0 268 621 
73 756 710 482 414 666 366 268 0 733 
372 384 695 149 783 821 253 621 733 0 
