0 302 427 506 542 226 618 
302 0 201 672 904 521 464 
427 201 0 95 238 99 158 
506 672 95 0 523 69 760 
542 904 238 523 0 727 682 
226 521 99 69 727 0 479 
618 464 158 760 682 479 0 
