0 598 27 113 217 319 9 374 769 600 
598 0 403 842 758 739 509 436 21 943 
27 403 0 329 90 274 396 580 563 643 
113 842 329 0 317 991 972 100 606 892 
217 758 90 317 0 759 186 941 460 819 
319 739 274 991 759 0 595 953 108 238 
9 509 396 972 186 595 0 702 423 887 
374 436 580 100 941 953 702 0 505 5 
769 21 563 606 460 108 423 505 0 445 
600 943 643 892 819 238 887 5 445 0 
