0 553 541 857 594 761 905 
553 0 680 457 772 625 676 
541 680 0 931 588 478 798 
857 457 931 0 761 489 649 
594 772 588 761 0 129 480 
761 625 478 489 129 0 115 
905 676 798 649 480 115 0 
