0 21 167 182 556 807 303 201 278 113 
21 0 466 23 970 47 266 528 686 405 
167 466 0 540 292 121 251 582 456 357 
182 23 540 0 244 326 192 534 74 827 
556 970 292 244 0 664 422 992 428 609 
807 47 121 326 664 0 444 899 424 947 
303 266 251 192 422 444 0 836 262 23 
201 528 582 534 992 899 836 0 834 834 
278 686 456 74 428 424 262 834 0 317 
113 405 357 827 609 947 23 834 317 0 
