0 784 109 187 206 312 462 378 959 547 
784 0 964 375 446 284 997 147 829 110 
109 964 0 189 936 949 103 986 826 957 
187 375 189 0 301 65 299 999 279 679 
206 446 936 301 0 413 284 550 78 726 
312 284 949 65 413 0 81 552 628 687 
462 997 103 299 284 81 0 814 583 966 
378 147 986 999 550 552 814 0 522 65 
959 829 826 279 78 628 583 522 0 986 
547 110 957 679 726 687 966 65 986 0 
