0 457 498 214 541 257 731 698 422 581 
457 0 972 214 493 449 301 936 584 674 
498 972 0 152 929 428 700 399 857 448 
214 214 152 0 591 8 885 530 710 788 
541 493 929 591 0 456 560 307 625 463 
257 449 428 8 456 0 494 495 989 638 
731 301 700 885 560 494 0 740 410 442 
698 936 399 530 307 495 740 0 789 554 
422 584 857 710 625 989 410 789 0 702 
581 674 448 788 463 638 442 554 702 0 
