0 744 355 711 507 137 734 268 610 
744 0 81 431 407 993 614 198 415 
355 81 0 822 349 273 209 793 526 
711 431 822 0 519 164 381 278 951 
507 407 349 519 0 460 740 647 327 
137 993 273 164 460 0 167 993 67 
734 614 209 381 740 167 0 998 961 
268 198 793 278 647 993 998 0 95 
610 415 526 951 327 67 961 95 0 
