0 448 413 199 683 649 350 
448 0 891 153 88 655 10 
413 891 0 128 359 373 78 
199 153 128 0 48 266 658 
683 88 359 48 0 941 275 
649 655 373 266 941 0 169 
350 10 78 658 275 169 0 
