0 247 274 163 435 608 3 547 49 975 
247 0 926 9 621 865 948 28 879 855 
274 926 0 434 283 778 635 706 264 20 
163 9 434 0 591 589 234 970 271 303 
435 621 283 591 0 288 645 980 269 587 
608 865 778 589 288 0 33 539 301 47 
3 948 635 234 645 33 0 475 478 296 
547 28 706 970 980 539 475 0 377 175 
49 879 264 271 269 301 478 377 0 328 
975 855 20 303 587 47 296 175 328 0 
