0 357 792 697 121 708 942 483 189 812 
357 0 566 647 788 539 505 267 89 800 
792 566 0 807 289 278 166 593 607 861 
697 647 807 0 401 437 118 142 136 533 
121 788 289 401 0 666 51 564 730 763 
708 539 278 437 666 0 663 10 319 159 
942 505 166 118 51 663 0 6 99 204 
483 267 593 142 564 10 6 0 893 793 
189 89 607 136 730 319 99 893 0 404 
812 800 861 533 763 159 204 793 404 0 
