0 613 634 59 529 447 58 186 
613 0 235 34 509 994 726 545 
634 235 0 331 479 591 236 399 
59 34 331 0 689 447 771 977 
529 509 479 689 0 450 301 210 
447 994 591 447 450 0 747 481 
58 726 236 771 301 747 0 67 
186 545 399 977 210 481 67 0 
