0 786 41 104 507 770 
786 0 334 494 351 574 
41 334 0 909 915 442 
104 494 909 0 54 910 
507 351 915 54 0 245 
770 574 442 910 245 0 
