0 591 945 487 617 931 
591 0 665 498 799 372 
945 665 0 818 80 132 
487 498 818 0 623 782 
617 799 80 623 0 546 
931 372 132 782 546 0 
