0 662 20 967 739 887 609 919 416 
662 0 795 138 904 42 323 65 269 
20 795 0 562 148 319 15 925 906 
967 138 562 0 572 766 305 449 19 
739 904 148 572 0 702 906 841 40 
887 42 319 766 702 0 151 417 209 
609 323 15 305 906 151 0 174 534 
919 65 925 449 841 417 174 0 955 
416 269 906 19 40 209 534 955 0 
