0 606 391 61 246 334 268 819 948 888 1 
606 0 201 95 858 606 583 300 535 838 650 
391 201 0 685 778 693 948 539 707 896 817 
61 95 685 0 54 777 488 313 848 387 545 
246 858 778 54 0 942 407 642 590 794 852 
334 606 693 777 942 0 304 493 871 170 818 
268 583 948 488 407 304 0 645 666 706 864 
819 300 539 313 642 493 645 0 266 786 315 
948 535 707 848 590 871 666 266 0 261 384 
888 838 896 387 794 170 706 786 261 0 620 
1 650 817 545 852 818 864 315 384 620 0 
