0 51 314 154 491 691 331 
51 0 722 888 35 416 252 
314 722 0 259 888 721 518 
154 888 259 0 286 649 872 
491 35 888 286 0 325 884 
691 416 721 649 325 0 843 
331 252 518 872 884 843 0 
