0 803 654 208 645 296 193 
803 0 159 241 641 729 888 
654 159 0 767 938 857 438 
208 241 767 0 998 910 537 
645 641 938 998 0 532 278 
296 729 857 910 532 0 751 
193 888 438 537 278 751 0 
