0 981 137 720 397 608 
981 0 2 490 903 776 
137 2 0 0 750 753 
720 490 0 0 485 38 
397 903 750 485 0 944 
608 776 753 38 944 0 
