0 172 951 574 310 984 482 675 84 
172 0 404 464 538 145 709 991 849 
951 404 0 891 511 548 289 530 30 
574 464 891 0 243 712 412 707 33 
310 538 511 243 0 274 942 765 831 
984 145 548 712 274 0 605 354 130 
482 709 289 412 942 605 0 280 785 
675 991 530 707 765 354 280 0 732 
84 849 30 33 831 130 785 732 0 
