0 863 747 410 581 982 345 49 
863 0 713 819 377 98 938 363 
747 713 0 167 829 969 876 150 
410 819 167 0 926 867 659 332 
581 377 829 926 0 853 99 42 
982 98 969 867 853 0 383 419 
345 938 876 659 99 383 0 738 
49 363 150 332 42 419 738 0 
