0 191 15 479 96 643 83 93 71 15 
191 0 716 871 867 813 75 14 94 175 
15 716 0 745 699 765 385 441 818 47 
479 871 745 0 959 948 563 189 412 840 
96 867 699 959 0 323 862 277 382 106 
643 813 765 948 323 0 88 310 702 507 
83 75 385 563 862 88 0 625 691 161 
93 14 441 189 277 310 625 0 244 47 
71 94 818 412 382 702 691 244 0 603 
15 175 47 840 106 507 161 47 603 0 
