0 815 88 287 480 698 418 57 255 716 
815 0 222 964 49 544 670 84 809 876 
88 222 0 106 280 735 893 305 10 683 
287 964 106 0 791 172 172 377 863 981 
480 49 280 791 0 129 9 662 284 412 
698 544 735 172 129 0 121 366 59 173 
418 670 893 172 9 121 0 389 374 65 
57 84 305 377 662 366 389 0 943 388 
255 809 10 863 284 59 374 943 0 911 
716 876 683 981 412 173 65 388 911 0 
