0 46 445 767 620 386 266 976 961 904 
46 0 417 571 121 839 466 605 490 318 
445 417 0 313 533 348 711 529 718 605 
767 571 313 0 386 860 991 937 349 988 
620 121 533 386 0 913 481 583 110 403 
386 839 348 860 913 0 348 314 592 1 
266 466 711 991 481 348 0 111 257 58 
976 605 529 937 583 314 111 0 546 639 
961 490 718 349 110 592 257 546 0 117 
904 318 605 988 403 1 58 639 117 0 
