0 762 73 158 876 10 939 898 
762 0 840 652 168 545 120 17 
73 840 0 709 1 380 717 320 
158 652 709 0 163 324 223 964 
876 168 1 163 0 273 85 236 
10 545 380 324 273 0 982 108 
939 120 717 223 85 982 0 860 
898 17 320 964 236 108 860 0 
