0 187 215 616 473 717 537 849 
187 0 247 549 824 280 366 540 
215 247 0 434 763 140 237 53 
616 549 434 0 938 192 700 971 
473 824 763 938 0 479 96 27 
717 280 140 192 479 0 876 716 
537 366 237 700 96 876 0 460 
849 540 53 971 27 716 460 0 
