0 421 991 848 846 749 847 35 
421 0 482 175 431 209 542 576 
991 482 0 584 44 795 576 574 
848 175 584 0 207 0 485 361 
846 431 44 207 0 360 489 598 
749 209 795 0 360 0 172 581 
847 542 576 485 489 172 0 542 
35 576 574 361 598 581 542 0 
