0 731 999 605 608 270 340 984 279 65 189 
731 0 693 986 310 405 553 731 358 402 183 
999 693 0 943 149 872 10 288 599 958 545 
605 986 943 0 433 345 956 899 618 985 712 
608 310 149 433 0 983 743 293 504 301 310 
270 405 872 345 983 0 683 391 377 968 802 
340 553 10 956 743 683 0 146 902 513 565 
984 731 288 899 293 391 146 0 699 403 140 
279 358 599 618 504 377 902 699 0 197 751 
65 402 958 985 301 968 513 403 197 0 617 
189 183 545 712 310 802 565 140 751 617 0 
