0 995 573 405 789 18 326 698 
995 0 494 689 747 494 183 571 
573 494 0 687 328 344 577 228 
405 689 687 0 456 744 415 355 
789 747 328 456 0 388 284 415 
18 494 344 744 388 0 302 817 
326 183 577 415 284 302 0 934 
698 571 228 355 415 817 934 0 
