0 675 286 173 912 791 764 121 910 432 543 
675 0 860 585 850 747 791 826 556 86 92 
286 860 0 99 238 383 992 804 437 220 960 
173 585 99 0 813 813 132 323 949 951 348 
912 850 238 813 0 354 898 281 560 403 590 
791 747 383 813 354 0 163 790 940 749 449 
764 791 992 132 898 163 0 184 913 685 816 
121 826 804 323 281 790 184 0 592 965 111 
910 556 437 949 560 940 913 592 0 232 233 
432 86 220 951 403 749 685 965 232 0 278 
543 92 960 348 590 449 816 111 233 278 0 
