0 785 871 625 287 263 773 308 17 801 583 
785 0 908 741 453 561 795 143 301 659 109 
871 908 0 758 427 916 937 374 935 668 312 
625 741 758 0 324 250 934 108 507 558 337 
287 453 427 324 0 453 70 479 358 166 78 
263 561 916 250 453 0 699 270 866 479 874 
773 795 937 934 70 699 0 893 665 613 519 
308 143 374 108 479 270 893 0 495 688 22 
17 301 935 507 358 866 665 495 0 364 310 
801 659 668 558 166 479 613 688 364 0 56 
583 109 312 337 78 874 519 22 310 56 0 
