0 873 831 642 740 379 871 29 
873 0 879 639 773 369 369 692 
831 879 0 26 76 824 78 550 
642 639 26 0 799 521 728 600 
740 773 76 799 0 913 480 630 
379 369 824 521 913 0 40 522 
871 369 78 728 480 40 0 777 
29 692 550 600 630 522 777 0 
