0 47 414 502 905 810 883 913 49 891 
47 0 884 170 626 483 488 281 243 761 
414 884 0 426 721 788 337 553 538 976 
502 170 426 0 959 832 661 917 901 416 
905 626 721 959 0 703 985 645 941 910 
810 483 788 832 703 0 918 140 922 999 
883 488 337 661 985 918 0 255 656 622 
913 281 553 917 645 140 255 0 767 129 
49 243 538 901 941 922 656 767 0 375 
891 761 976 416 910 999 622 129 375 0 
