0 520 663 711 292 502 949 62 43 
520 0 12 625 196 335 870 491 824 
663 12 0 530 314 472 71 672 936 
711 625 530 0 122 10 665 156 202 
292 196 314 122 0 638 728 664 587 
502 335 472 10 638 0 528 231 944 
949 870 71 665 728 528 0 955 309 
62 491 672 156 664 231 955 0 878 
43 824 936 202 587 944 309 878 0 
