0 549 958 344 420 472 426 421 853 209 808 
549 0 1 126 103 544 465 929 717 823 875 
958 1 0 338 308 768 281 613 729 892 925 
344 126 338 0 297 376 112 682 112 946 643 
420 103 308 297 0 436 401 744 322 740 809 
472 544 768 376 436 0 837 330 849 426 920 
426 465 281 112 401 837 0 587 163 92 12 
421 929 613 682 744 330 587 0 664 299 235 
853 717 729 112 322 849 163 664 0 398 556 
209 823 892 946 740 426 92 299 398 0 252 
808 875 925 643 809 920 12 235 556 252 0 
