0 200 30 22 998 489 991 695 444 747 
200 0 824 335 731 471 618 542 252 136 
30 824 0 975 688 401 898 865 999 42 
22 335 975 0 407 2 74 328 905 655 
998 731 688 407 0 368 767 606 230 997 
489 471 401 2 368 0 722 364 959 670 
991 618 898 74 767 722 0 721 355 818 
695 542 865 328 606 364 721 0 570 494 
444 252 999 905 230 959 355 570 0 405 
747 136 42 655 997 670 818 494 405 0 
