0 766 85 653 671 11 49 328 541 504 105 
766 0 313 526 820 965 213 735 195 288 717 
85 313 0 237 357 63 772 227 709 214 48 
653 526 237 0 801 57 74 904 239 585 425 
671 820 357 801 0 72 86 808 67 759 745 
11 965 63 57 72 0 600 118 504 8 557 
49 213 772 74 86 600 0 920 231 434 363 
328 735 227 904 808 118 920 0 951 617 546 
541 195 709 239 67 504 231 951 0 578 819 
504 288 214 585 759 8 434 617 578 0 485 
105 717 48 425 745 557 363 546 819 485 0 
