0 243 233 350 634 413 464 107 
243 0 57 337 141 182 547 119 
233 57 0 179 277 207 657 975 
350 337 179 0 744 484 750 288 
634 141 277 744 0 182 890 920 
413 182 207 484 182 0 393 2 
464 547 657 750 890 393 0 922 
107 119 975 288 920 2 922 0 
