0 788 873 231 846 271 221 407 396 953 
788 0 336 217 889 464 426 654 498 77 
873 336 0 106 663 629 181 310 108 693 
231 217 106 0 502 694 34 13 483 964 
846 889 663 502 0 299 941 946 941 605 
271 464 629 694 299 0 76 298 230 123 
221 426 181 34 941 76 0 826 580 903 
407 654 310 13 946 298 826 0 788 603 
396 498 108 483 941 230 580 788 0 595 
953 77 693 964 605 123 903 603 595 0 
