0 729 508 598 718 952 548 288 453 723 219 
729 0 765 129 228 112 565 574 856 277 48 
508 765 0 40 215 211 959 425 735 190 422 
598 129 40 0 992 448 116 606 587 204 187 
718 228 215 992 0 961 539 840 696 352 974 
952 112 211 448 961 0 255 156 935 29 328 
548 565 959 116 539 255 0 778 255 946 489 
288 574 425 606 840 156 778 0 824 583 608 
453 856 735 587 696 935 255 824 0 413 715 
723 277 190 204 352 29 946 583 413 0 647 
219 48 422 187 974 328 489 608 715 647 0 
