0 835 427 12 716 209 844 833 
835 0 894 598 746 622 337 377 
427 894 0 139 584 171 437 472 
12 598 139 0 937 229 375 247 
716 746 584 937 0 497 285 390 
209 622 171 229 497 0 839 466 
844 337 437 375 285 839 0 910 
833 377 472 247 390 466 910 0 
