0 940 249 584 462 893 192 19 472 911 311 
940 0 792 273 566 825 723 400 783 584 882 
249 792 0 876 885 497 333 74 504 444 744 
584 273 876 0 794 604 982 629 737 677 816 
462 566 885 794 0 157 638 369 927 694 684 
893 825 497 604 157 0 120 212 140 943 578 
192 723 333 982 638 120 0 438 445 456 259 
19 400 74 629 369 212 438 0 271 675 698 
472 783 504 737 927 140 445 271 0 773 409 
911 584 444 677 694 943 456 675 773 0 384 
311 882 744 816 684 578 259 698 409 384 0 
