0 389 218 44 775 836 196 364 
389 0 747 818 326 316 94 320 
218 747 0 212 399 481 577 891 
44 818 212 0 268 681 647 854 
775 326 399 268 0 395 483 619 
836 316 481 681 395 0 84 875 
196 94 577 647 483 84 0 32 
364 320 891 854 619 875 32 0 
