0 122 677 673 319 834 692 741 323 909 32 
122 0 701 878 44 153 252 15 906 171 212 
677 701 0 349 870 42 415 283 935 668 572 
673 878 349 0 218 876 58 28 362 909 66 
319 44 870 218 0 648 276 612 828 85 115 
834 153 42 876 648 0 636 635 598 546 457 
692 252 415 58 276 636 0 931 257 551 934 
741 15 283 28 612 635 931 0 894 983 173 
323 906 935 362 828 598 257 894 0 755 930 
909 171 668 909 85 546 551 983 755 0 14 
32 212 572 66 115 457 934 173 930 14 0 
