0 804 105 8 293 428 894 518 793 998 
804 0 647 901 680 242 105 880 898 473 
105 647 0 763 103 660 754 857 9 317 
8 901 763 0 770 146 991 257 817 738 
293 680 103 770 0 294 599 271 605 15 
428 242 660 146 294 0 918 486 472 12 
894 105 754 991 599 918 0 149 310 844 
518 880 857 257 271 486 149 0 396 451 
793 898 9 817 605 472 310 396 0 850 
998 473 317 738 15 12 844 451 850 0 
