0 32 285 68 688 999 515 368 238 964 
32 0 507 961 306 101 166 612 505 68 
285 507 0 799 910 449 492 690 390 857 
68 961 799 0 391 541 849 395 628 533 
688 306 910 391 0 235 74 257 51 833 
999 101 449 541 235 0 576 837 11 20 
515 166 492 849 74 576 0 197 549 212 
368 612 690 395 257 837 197 0 699 258 
238 505 390 628 51 11 549 699 0 346 
964 68 857 533 833 20 212 258 346 0 
