0 976 27 383 349 34 595 914 260 4 
976 0 298 823 552 49 293 598 720 388 
27 298 0 109 326 436 242 424 944 884 
383 823 109 0 759 900 177 614 769 70 
349 552 326 759 0 270 290 554 164 352 
34 49 436 900 270 0 631 608 412 481 
595 293 242 177 290 631 0 348 762 77 
914 598 424 614 554 608 348 0 566 130 
260 720 944 769 164 412 762 566 0 620 
4 388 884 70 352 481 77 130 620 0 
