0 173 814 967 364 62 794 45 586 983 
173 0 938 589 571 392 374 112 941 337 
814 938 0 975 71 295 187 870 97 52 
967 589 975 0 117 524 936 965 525 638 
364 571 71 117 0 538 700 891 887 189 
62 392 295 524 538 0 677 296 130 620 
794 374 187 936 700 677 0 159 561 656 
45 112 870 965 891 296 159 0 415 709 
586 941 97 525 887 130 561 415 0 89 
983 337 52 638 189 620 656 709 89 0 
