0 4 966 670 823 226 14 152 793 82 
4 0 688 740 675 625 565 626 533 567 
966 688 0 770 664 651 53 11 735 362 
670 740 770 0 402 902 565 310 187 625 
823 675 664 402 0 879 260 606 934 692 
226 625 651 902 879 0 32 885 851 60 
14 565 53 565 260 32 0 370 132 519 
152 626 11 310 606 885 370 0 5 496 
793 533 735 187 934 851 132 5 0 803 
82 567 362 625 692 60 519 496 803 0 
