0 184 38 195 727 600 311 779 
184 0 912 1 378 843 631 752 
38 912 0 263 317 315 156 662 
195 1 263 0 964 899 739 548 
727 378 317 964 0 636 98 92 
600 843 315 899 636 0 308 120 
311 631 156 739 98 308 0 785 
779 752 662 548 92 120 785 0 
