0 150 779 721 734 971 127 590 132 946 
150 0 729 106 302 176 356 902 747 899 
779 729 0 660 459 926 222 999 316 794 
721 106 660 0 650 872 16 598 617 65 
734 302 459 650 0 853 404 849 923 154 
971 176 926 872 853 0 246 486 863 3 
127 356 222 16 404 246 0 737 341 266 
590 902 999 598 849 486 737 0 389 452 
132 747 316 617 923 863 341 389 0 55 
946 899 794 65 154 3 266 452 55 0 
