0 244 349 747 112 923 530 32 478 114 763 
244 0 257 571 487 664 178 93 223 850 191 
349 257 0 381 865 343 226 985 187 987 278 
747 571 381 0 450 500 187 655 26 651 797 
112 487 865 450 0 108 605 138 80 579 824 
923 664 343 500 108 0 874 881 443 348 762 
530 178 226 187 605 874 0 145 694 231 474 
32 93 985 655 138 881 145 0 884 620 420 
478 223 187 26 80 443 694 884 0 175 958 
114 850 987 651 579 348 231 620 175 0 257 
763 191 278 797 824 762 474 420 958 257 0 
