0 439 192 360 578 330 137 83 350 431 
439 0 260 457 726 631 243 478 770 133 
192 260 0 354 672 265 774 144 382 947 
360 457 354 0 49 424 112 585 761 695 
578 726 672 49 0 145 651 985 355 213 
330 631 265 424 145 0 584 596 86 841 
137 243 774 112 651 584 0 8 657 407 
83 478 144 585 985 596 8 0 421 240 
350 770 382 761 355 86 657 421 0 962 
431 133 947 695 213 841 407 240 962 0 
