0 902 221 729 861 703 990 623 942 727 
902 0 756 217 935 459 859 479 912 618 
221 756 0 683 578 842 205 205 887 876 
729 217 683 0 213 759 571 813 244 856 
861 935 578 213 0 284 770 541 602 246 
703 459 842 759 284 0 608 524 758 288 
990 859 205 571 770 608 0 548 328 769 
623 479 205 813 541 524 548 0 957 863 
942 912 887 244 602 758 328 957 0 336 
727 618 876 856 246 288 769 863 336 0 
