0 55 537 499 757 555 149 162 142 927 68 
55 0 284 73 288 200 870 710 189 692 214 
537 284 0 838 340 261 59 167 996 590 103 
499 73 838 0 870 270 555 667 573 557 389 
757 288 340 870 0 624 217 537 352 725 389 
555 200 261 270 624 0 200 737 354 108 36 
149 870 59 555 217 200 0 811 53 942 842 
162 710 167 667 537 737 811 0 672 447 735 
142 189 996 573 352 354 53 672 0 997 148 
927 692 590 557 725 108 942 447 997 0 964 
68 214 103 389 389 36 842 735 148 964 0 
