0 984 590 126 603 748 
984 0 918 626 378 193 
590 918 0 343 151 269 
126 626 343 0 435 718 
603 378 151 435 0 553 
748 193 269 718 553 0 
