0 713 686 250 667 570 388 
713 0 280 548 773 497 522 
686 280 0 478 332 651 938 
250 548 478 0 280 5 689 
667 773 332 280 0 21 480 
570 497 651 5 21 0 577 
388 522 938 689 480 577 0 
