0 92 171 190 720 1 
92 0 623 66 536 581 
171 623 0 490 780 889 
190 66 490 0 98 622 
720 536 780 98 0 350 
1 581 889 622 350 0 
