0 501 875 574 666 78 127 54 381 
501 0 195 47 904 170 476 870 77 
875 195 0 14 404 146 875 169 260 
574 47 14 0 53 250 265 341 787 
666 904 404 53 0 810 906 816 609 
78 170 146 250 810 0 689 67 763 
127 476 875 265 906 689 0 150 827 
54 870 169 341 816 67 150 0 83 
381 77 260 787 609 763 827 83 0 
