0 419 164 273 775 638 321 880 604 967 
419 0 45 530 997 315 157 422 454 213 
164 45 0 894 695 994 748 297 20 959 
273 530 894 0 154 316 90 306 775 64 
775 997 695 154 0 55 841 326 659 430 
638 315 994 316 55 0 317 488 572 514 
321 157 748 90 841 317 0 817 329 91 
880 422 297 306 326 488 817 0 769 345 
604 454 20 775 659 572 329 769 0 356 
967 213 959 64 430 514 91 345 356 0 
