0 746 358 100 765 357 38 394 754 
746 0 424 147 852 420 104 629 456 
358 424 0 335 909 185 874 524 321 
100 147 335 0 367 697 638 851 749 
765 852 909 367 0 761 514 386 326 
357 420 185 697 761 0 212 655 636 
38 104 874 638 514 212 0 464 890 
394 629 524 851 386 655 464 0 925 
754 456 321 749 326 636 890 925 0 
