0 333 237 127 597 106 55 322 946 688 244 
333 0 34 509 608 767 192 708 631 362 935 
237 34 0 861 94 359 227 34 855 426 546 
127 509 861 0 283 516 726 740 720 738 385 
597 608 94 283 0 651 797 580 891 663 89 
106 767 359 516 651 0 783 437 966 605 239 
55 192 227 726 797 783 0 723 692 304 403 
322 708 34 740 580 437 723 0 2 738 43 
946 631 855 720 891 966 692 2 0 812 351 
688 362 426 738 663 605 304 738 812 0 605 
244 935 546 385 89 239 403 43 351 605 0 
