0 612 187 812 150 706 760 982 492 541 
612 0 312 453 574 477 810 429 6 194 
187 312 0 843 713 173 615 419 891 391 
812 453 843 0 312 311 113 643 327 346 
150 574 713 312 0 437 593 266 519 389 
706 477 173 311 437 0 367 429 688 218 
760 810 615 113 593 367 0 616 131 733 
982 429 419 643 266 429 616 0 352 386 
492 6 891 327 519 688 131 352 0 216 
541 194 391 346 389 218 733 386 216 0 
