0 375 782 360 382 426 
375 0 255 619 482 598 
782 255 0 525 821 891 
360 619 525 0 297 974 
382 482 821 297 0 951 
426 598 891 974 951 0 
