0 33 431 782 170 702 9 303 393 938 284 
33 0 103 993 480 848 104 778 777 527 643 
431 103 0 729 147 473 984 525 814 480 942 
782 993 729 0 307 929 920 503 28 70 661 
170 480 147 307 0 469 542 964 365 289 663 
702 848 473 929 469 0 78 244 790 227 87 
9 104 984 920 542 78 0 913 726 748 365 
303 778 525 503 964 244 913 0 179 638 719 
393 777 814 28 365 790 726 179 0 709 199 
938 527 480 70 289 227 748 638 709 0 161 
284 643 942 661 663 87 365 719 199 161 0 
