0 687 233 633 114 94 502 444 131 716 
687 0 338 168 620 695 77 63 538 831 
233 338 0 48 206 512 61 188 13 713 
633 168 48 0 13 711 185 239 601 87 
114 620 206 13 0 231 199 818 384 492 
94 695 512 711 231 0 151 823 468 262 
502 77 61 185 199 151 0 270 399 685 
444 63 188 239 818 823 270 0 280 946 
131 538 13 601 384 468 399 280 0 353 
716 831 713 87 492 262 685 946 353 0 
