0 842 58 838 669 466 
842 0 144 282 667 476 
58 144 0 654 430 510 
838 282 654 0 860 202 
669 667 430 860 0 948 
466 476 510 202 948 0 
