0 715 553 31 979 867 4 660 576 597 
715 0 157 389 251 171 677 49 510 333 
553 157 0 76 451 311 500 866 669 208 
31 389 76 0 2 350 469 324 43 995 
979 251 451 2 0 587 13 470 502 634 
867 171 311 350 587 0 694 775 629 223 
4 677 500 469 13 694 0 98 816 378 
660 49 866 324 470 775 98 0 974 708 
576 510 669 43 502 629 816 974 0 896 
597 333 208 995 634 223 378 708 896 0 
