0 468 99 382 337 945 172 258 971 
468 0 118 973 354 850 537 183 336 
99 118 0 128 199 919 211 755 993 
382 973 128 0 266 398 169 261 731 
337 354 199 266 0 544 125 98 955 
945 850 919 398 544 0 555 698 855 
172 537 211 169 125 555 0 174 426 
258 183 755 261 98 698 174 0 81 
971 336 993 731 955 855 426 81 0 
