0 89 718 784 514 861 357 
89 0 707 930 61 163 284 
718 707 0 146 380 374 158 
784 930 146 0 148 942 225 
514 61 380 148 0 741 80 
861 163 374 942 741 0 44 
357 284 158 225 80 44 0 
