0 205 175 177 28 29 834 701 793 956 
205 0 626 482 682 551 375 7 80 426 
175 626 0 259 322 664 605 280 146 795 
177 482 259 0 954 268 704 731 133 294 
28 682 322 954 0 1 269 603 441 676 
29 551 664 268 1 0 860 786 282 488 
834 375 605 704 269 860 0 539 400 7 
701 7 280 731 603 786 539 0 91 428 
793 80 146 133 441 282 400 91 0 374 
956 426 795 294 676 488 7 428 374 0 
