0 779 410 277 554 513 917 575 
779 0 84 810 430 720 156 798 
410 84 0 394 69 103 17 551 
277 810 394 0 131 936 326 930 
554 430 69 131 0 793 490 497 
513 720 103 936 793 0 322 181 
917 156 17 326 490 322 0 448 
575 798 551 930 497 181 448 0 
