0 36 326 881 488 193 54 809 1 54 
36 0 376 633 785 785 566 521 672 655 
326 376 0 54 915 20 470 421 784 105 
881 633 54 0 238 646 334 76 795 281 
488 785 915 238 0 342 829 318 487 179 
193 785 20 646 342 0 216 375 4 927 
54 566 470 334 829 216 0 750 970 869 
809 521 421 76 318 375 750 0 681 215 
1 672 784 795 487 4 970 681 0 88 
54 655 105 281 179 927 869 215 88 0 
