0 44 683 328 538 435 955 47 
44 0 472 204 114 562 668 609 
683 472 0 744 42 381 877 141 
328 204 744 0 363 676 356 828 
538 114 42 363 0 874 695 654 
435 562 381 676 874 0 730 595 
955 668 877 356 695 730 0 32 
47 609 141 828 654 595 32 0 
