0 661 122 921 711 14 610 
661 0 385 896 931 12 190 
122 385 0 77 217 99 78 
921 896 77 0 423 393 193 
711 931 217 423 0 927 878 
14 12 99 393 927 0 605 
610 190 78 193 878 605 0 
