0 821 338 785 741 585 566 630 190 43 
821 0 957 585 471 21 784 105 297 868 
338 957 0 419 542 691 327 404 910 942 
785 585 419 0 38 598 949 502 152 511 
741 471 542 38 0 288 257 595 269 425 
585 21 691 598 288 0 759 673 714 901 
566 784 327 949 257 759 0 472 41 785 
630 105 404 502 595 673 472 0 3 298 
190 297 910 152 269 714 41 3 0 106 
43 868 942 511 425 901 785 298 106 0 
