0 392 948 218 141 211 124 231 746 203 
392 0 159 784 837 236 913 993 143 414 
948 159 0 894 78 888 37 303 117 968 
218 784 894 0 865 837 952 943 395 47 
141 837 78 865 0 225 773 610 316 623 
211 236 888 837 225 0 272 420 743 464 
124 913 37 952 773 272 0 255 535 929 
231 993 303 943 610 420 255 0 614 559 
746 143 117 395 316 743 535 614 0 40 
203 414 968 47 623 464 929 559 40 0 
