0 360 593 343 445 845 343 753 631 5 67 
360 0 950 210 839 596 73 661 532 520 481 
593 950 0 283 549 103 735 776 936 795 838 
343 210 283 0 94 282 137 28 554 755 567 
445 839 549 94 0 965 720 86 863 112 448 
845 596 103 282 965 0 543 238 185 215 915 
343 73 735 137 720 543 0 704 687 218 778 
753 661 776 28 86 238 704 0 556 457 557 
631 532 936 554 863 185 687 556 0 294 610 
5 520 795 755 112 215 218 457 294 0 775 
67 481 838 567 448 915 778 557 610 775 0 
