0 493 588 816 873 388 843 194 11 440 
493 0 157 833 106 6 263 584 103 660 
588 157 0 953 535 4 157 426 212 949 
816 833 953 0 354 820 800 718 277 924 
873 106 535 354 0 293 516 739 873 735 
388 6 4 820 293 0 198 895 505 325 
843 263 157 800 516 198 0 811 716 148 
194 584 426 718 739 895 811 0 122 216 
11 103 212 277 873 505 716 122 0 281 
440 660 949 924 735 325 148 216 281 0 
