0 649 176 460 508 710 872 38 638 787 704 
649 0 907 313 161 64 904 952 906 990 614 
176 907 0 128 250 969 9 493 288 736 230 
460 313 128 0 223 495 140 681 630 825 429 
508 161 250 223 0 50 577 501 991 928 398 
710 64 969 495 50 0 617 607 442 609 10 
872 904 9 140 577 617 0 887 742 54 980 
38 952 493 681 501 607 887 0 976 156 862 
638 906 288 630 991 442 742 976 0 142 992 
787 990 736 825 928 609 54 156 142 0 594 
704 614 230 429 398 10 980 862 992 594 0 
