0 856 218 537 601 852 970 
856 0 54 892 483 214 221 
218 54 0 168 53 410 298 
537 892 168 0 855 521 32 
601 483 53 855 0 626 881 
852 214 410 521 626 0 724 
970 221 298 32 881 724 0 
