0 641 230 442 854 244 483 787 611 
641 0 635 844 168 450 439 13 480 
230 635 0 533 680 80 154 690 435 
442 844 533 0 654 473 647 61 805 
854 168 680 654 0 573 309 254 64 
244 450 80 473 573 0 267 591 458 
483 439 154 647 309 267 0 903 124 
787 13 690 61 254 591 903 0 329 
611 480 435 805 64 458 124 329 0 
