0 7 78 955 580 182 25 997 852 125 721 
7 0 529 10 694 445 713 257 917 882 133 
78 529 0 820 251 641 141 514 528 462 529 
955 10 820 0 345 695 765 788 991 286 285 
580 694 251 345 0 455 394 197 392 440 367 
182 445 641 695 455 0 363 106 141 232 915 
25 713 141 765 394 363 0 398 660 980 327 
997 257 514 788 197 106 398 0 455 5 800 
852 917 528 991 392 141 660 455 0 799 866 
125 882 462 286 440 232 980 5 799 0 948 
721 133 529 285 367 915 327 800 866 948 0 
