0 160 70 249 96 841 958 577 66 
160 0 419 159 195 814 11 911 558 
70 419 0 63 403 252 214 35 987 
249 159 63 0 74 313 120 736 252 
96 195 403 74 0 664 504 570 928 
841 814 252 313 664 0 855 697 305 
958 11 214 120 504 855 0 840 416 
577 911 35 736 570 697 840 0 894 
66 558 987 252 928 305 416 894 0 
