0 964 799 601 718 105 675 
964 0 759 332 641 601 734 
799 759 0 314 682 30 578 
601 332 314 0 517 425 577 
718 641 682 517 0 423 278 
105 601 30 425 423 0 214 
675 734 578 577 278 214 0 
