0 783 863 683 761 653 66 30 
783 0 0 946 905 137 4 69 
863 0 0 738 469 618 577 555 
683 946 738 0 81 617 880 352 
761 905 469 81 0 402 682 823 
653 137 618 617 402 0 866 934 
66 4 577 880 682 866 0 130 
30 69 555 352 823 934 130 0 
