0 585 212 707 692 548 556 529 719 
585 0 825 56 852 548 258 434 264 
212 825 0 788 165 12 734 769 675 
707 56 788 0 848 181 598 743 517 
692 852 165 848 0 869 515 361 895 
548 548 12 181 869 0 750 305 190 
556 258 734 598 515 750 0 440 184 
529 434 769 743 361 305 440 0 53 
719 264 675 517 895 190 184 53 0 
