0 855 495 306 761 88 749 377 747 434 
855 0 550 722 520 717 193 831 352 482 
495 550 0 506 331 301 198 114 420 49 
306 722 506 0 501 998 783 302 411 25 
761 520 331 501 0 847 979 641 855 284 
88 717 301 998 847 0 368 84 138 206 
749 193 198 783 979 368 0 721 477 511 
377 831 114 302 641 84 721 0 723 65 
747 352 420 411 855 138 477 723 0 741 
434 482 49 25 284 206 511 65 741 0 
