0 494 346 702 686 948 752 971 
494 0 536 121 9 286 759 936 
346 536 0 15 628 586 297 726 
702 121 15 0 981 904 638 644 
686 9 628 981 0 584 688 752 
948 286 586 904 584 0 30 940 
752 759 297 638 688 30 0 593 
971 936 726 644 752 940 593 0 
