0 180 686 743 493 587 
180 0 587 622 930 396 
686 587 0 434 986 580 
743 622 434 0 866 846 
493 930 986 866 0 252 
587 396 580 846 252 0 
