0 894 803 699 90 692 277 312 166 372 440 
894 0 732 446 282 61 471 877 558 72 991 
803 732 0 379 991 32 500 684 773 50 170 
699 446 379 0 453 329 584 300 992 17 118 
90 282 991 453 0 235 654 778 22 852 520 
692 61 32 329 235 0 642 603 94 7 588 
277 471 500 584 654 642 0 917 982 847 626 
312 877 684 300 778 603 917 0 297 573 588 
166 558 773 992 22 94 982 297 0 168 749 
372 72 50 17 852 7 847 573 168 0 732 
440 991 170 118 520 588 626 588 749 732 0 
