0 572 227 40 248 58 727 865 114 
572 0 907 277 38 820 203 799 312 
227 907 0 931 428 25 931 590 879 
40 277 931 0 979 622 160 51 674 
248 38 428 979 0 733 330 230 218 
58 820 25 622 733 0 501 763 34 
727 203 931 160 330 501 0 735 192 
865 799 590 51 230 763 735 0 676 
114 312 879 674 218 34 192 676 0 
