0 557 727 384 877 659 938 674 813 270 425 
557 0 145 161 426 55 14 378 624 721 19 
727 145 0 116 830 73 269 605 978 2 837 
384 161 116 0 524 982 204 174 89 871 565 
877 426 830 524 0 470 704 347 766 656 859 
659 55 73 982 470 0 256 766 385 119 708 
938 14 269 204 704 256 0 998 4 466 152 
674 378 605 174 347 766 998 0 52 837 42 
813 624 978 89 766 385 4 52 0 809 329 
270 721 2 871 656 119 466 837 809 0 317 
425 19 837 565 859 708 152 42 329 317 0 
