0 62 102 190 720 652 310 461 22 526 921 
62 0 42 479 782 437 867 611 301 379 971 
102 42 0 232 326 767 707 674 606 260 798 
190 479 232 0 763 743 309 567 195 63 856 
720 782 326 763 0 809 543 456 348 952 130 
652 437 767 743 809 0 75 711 822 600 352 
310 867 707 309 543 75 0 521 638 894 100 
461 611 674 567 456 711 521 0 601 649 165 
22 301 606 195 348 822 638 601 0 496 709 
526 379 260 63 952 600 894 649 496 0 773 
921 971 798 856 130 352 100 165 709 773 0 
