0 915 218 450 552 356 579 645 152 61 751 
915 0 942 756 623 272 187 534 715 415 76 
218 942 0 714 274 273 849 710 246 301 870 
450 756 714 0 89 174 300 150 948 538 673 
552 623 274 89 0 821 922 953 751 250 665 
356 272 273 174 821 0 838 61 718 362 95 
579 187 849 300 922 838 0 211 335 198 481 
645 534 710 150 953 61 211 0 285 312 293 
152 715 246 948 751 718 335 285 0 332 376 
61 415 301 538 250 362 198 312 332 0 266 
751 76 870 673 665 95 481 293 376 266 0 
