0 337 378 730 359 256 495 
337 0 271 577 456 851 648 
378 271 0 638 329 237 238 
730 577 638 0 436 681 559 
359 456 329 436 0 535 686 
256 851 237 681 535 0 135 
495 648 238 559 686 135 0 
