0 697 247 176 16 940 410 45 504 
697 0 446 632 484 352 620 591 696 
247 446 0 278 195 148 574 611 194 
176 632 278 0 461 765 697 378 94 
16 484 195 461 0 276 104 147 232 
940 352 148 765 276 0 784 876 725 
410 620 574 697 104 784 0 366 63 
45 591 611 378 147 876 366 0 606 
504 696 194 94 232 725 63 606 0 
