0 401 99 369 989 979 720 462 617 
401 0 732 123 668 647 791 400 209 
99 732 0 40 507 776 653 387 232 
369 123 40 0 438 80 939 824 397 
989 668 507 438 0 6 921 814 108 
979 647 776 80 6 0 834 533 0 
720 791 653 939 921 834 0 472 423 
462 400 387 824 814 533 472 0 257 
617 209 232 397 108 0 423 257 0 
