0 999 750 825 535 135 553 
999 0 828 237 193 931 919 
750 828 0 858 773 168 658 
825 237 858 0 430 37 376 
535 193 773 430 0 231 282 
135 931 168 37 231 0 870 
553 919 658 376 282 870 0 
