0 73 279 711 863 231 380 648 907 
73 0 873 14 773 19 381 77 642 
279 873 0 945 242 871 795 432 755 
711 14 945 0 329 702 233 912 705 
863 773 242 329 0 996 704 698 105 
231 19 871 702 996 0 250 705 699 
380 381 795 233 704 250 0 868 4 
648 77 432 912 698 705 868 0 446 
907 642 755 705 105 699 4 446 0 
