0 709 128 501 230 84 934 143 523 
709 0 431 937 827 683 318 671 987 
128 431 0 106 303 443 650 106 237 
501 937 106 0 630 164 989 348 876 
230 827 303 630 0 886 542 341 135 
84 683 443 164 886 0 534 534 551 
934 318 650 989 542 534 0 806 432 
143 671 106 348 341 534 806 0 444 
523 987 237 876 135 551 432 444 0 
