0 406 555 163 453 339 173 
406 0 990 976 588 491 130 
555 990 0 897 467 205 878 
163 976 897 0 236 293 751 
453 588 467 236 0 916 888 
339 491 205 293 916 0 424 
173 130 878 751 888 424 0 
