0 598 692 710 47 697 373 944 519 427 213 
598 0 116 416 66 709 923 652 0 572 221 
692 116 0 535 513 606 648 523 236 313 907 
710 416 535 0 252 771 955 949 688 548 374 
47 66 513 252 0 923 580 299 753 117 740 
697 709 606 771 923 0 909 106 428 770 381 
373 923 648 955 580 909 0 176 919 280 546 
944 652 523 949 299 106 176 0 809 630 173 
519 0 236 688 753 428 919 809 0 762 844 
427 572 313 548 117 770 280 630 762 0 513 
213 221 907 374 740 381 546 173 844 513 0 
