0 563 535 189 27 195 190 196 962 35 2 
563 0 523 279 17 12 514 927 945 958 808 
535 523 0 448 724 996 777 812 726 205 214 
189 279 448 0 789 371 121 148 429 35 488 
27 17 724 789 0 365 858 253 167 258 704 
195 12 996 371 365 0 300 696 4 465 757 
190 514 777 121 858 300 0 927 483 555 611 
196 927 812 148 253 696 927 0 88 863 141 
962 945 726 429 167 4 483 88 0 127 981 
35 958 205 35 258 465 555 863 127 0 656 
2 808 214 488 704 757 611 141 981 656 0 
