0 230 293 390 410 883 84 991 342 291 843 
230 0 281 435 143 323 235 656 898 303 951 
293 281 0 896 871 136 734 830 613 745 412 
390 435 896 0 155 341 191 834 367 88 838 
410 143 871 155 0 956 944 748 796 342 228 
883 323 136 341 956 0 601 289 194 278 43 
84 235 734 191 944 601 0 497 609 916 56 
991 656 830 834 748 289 497 0 576 216 796 
342 898 613 367 796 194 609 576 0 630 837 
291 303 745 88 342 278 916 216 630 0 415 
843 951 412 838 228 43 56 796 837 415 0 
