0 730 299 354 805 97 288 227 
730 0 105 295 63 652 671 761 
299 105 0 336 355 66 717 638 
354 295 336 0 224 5 385 457 
805 63 355 224 0 308 79 257 
97 652 66 5 308 0 894 402 
288 671 717 385 79 894 0 350 
227 761 638 457 257 402 350 0 
