0 781 584 309 42 410 839 519 842 
781 0 75 641 432 730 401 156 883 
584 75 0 51 955 14 433 211 610 
309 641 51 0 256 696 30 780 824 
42 432 955 256 0 335 713 692 518 
410 730 14 696 335 0 845 115 153 
839 401 433 30 713 845 0 656 420 
519 156 211 780 692 115 656 0 576 
842 883 610 824 518 153 420 576 0 
