0 33 596 707 121 818 126 942 854 
33 0 964 667 274 865 746 848 446 
596 964 0 372 236 614 10 10 855 
707 667 372 0 642 489 30 987 15 
121 274 236 642 0 512 539 327 377 
818 865 614 489 512 0 27 830 435 
126 746 10 30 539 27 0 527 489 
942 848 10 987 327 830 527 0 486 
854 446 855 15 377 435 489 486 0 
