0 789 977 574 76 618 526 973 983 71 
789 0 269 692 360 861 783 210 159 780 
977 269 0 135 292 321 909 994 861 198 
574 692 135 0 202 854 180 735 544 855 
76 360 292 202 0 825 688 882 716 938 
618 861 321 854 825 0 575 183 561 33 
526 783 909 180 688 575 0 92 203 435 
973 210 994 735 882 183 92 0 327 579 
983 159 861 544 716 561 203 327 0 821 
71 780 198 855 938 33 435 579 821 0 
