0 490 169 281 940 832 525 901 
490 0 202 573 563 849 24 148 
169 202 0 844 182 762 216 334 
281 573 844 0 8 611 677 221 
940 563 182 8 0 741 691 817 
832 849 762 611 741 0 461 344 
525 24 216 677 691 461 0 919 
901 148 334 221 817 344 919 0 
