0 280 532 638 427 237 187 736 48 
280 0 109 904 696 532 223 878 553 
532 109 0 37 141 168 569 369 733 
638 904 37 0 906 616 957 919 794 
427 696 141 906 0 72 339 224 631 
237 532 168 616 72 0 95 172 487 
187 223 569 957 339 95 0 524 608 
736 878 369 919 224 172 524 0 806 
48 553 733 794 631 487 608 806 0 
