0 382 207 890 132 209 593 888 369 
382 0 982 70 906 85 41 223 801 
207 982 0 496 969 758 729 199 802 
890 70 496 0 669 159 393 287 920 
132 906 969 669 0 651 352 29 356 
209 85 758 159 651 0 496 484 488 
593 41 729 393 352 496 0 402 318 
888 223 199 287 29 484 402 0 923 
369 801 802 920 356 488 318 923 0 
