0 36 49 113 328 958 275 397 676 
36 0 880 804 749 282 594 119 174 
49 880 0 716 636 129 571 14 672 
113 804 716 0 592 169 584 409 832 
328 749 636 592 0 121 731 654 914 
958 282 129 169 121 0 572 584 613 
275 594 571 584 731 572 0 210 546 
397 119 14 409 654 584 210 0 965 
676 174 672 832 914 613 546 965 0 
