0 590 158 284 798 177 595 708 551 842 131 
590 0 891 411 68 828 904 74 135 442 187 
158 891 0 29 338 661 375 992 806 272 701 
284 411 29 0 785 325 531 69 514 613 689 
798 68 338 785 0 948 749 318 926 383 624 
177 828 661 325 948 0 463 306 630 281 226 
595 904 375 531 749 463 0 322 936 765 708 
708 74 992 69 318 306 322 0 659 938 455 
551 135 806 514 926 630 936 659 0 6 113 
842 442 272 613 383 281 765 938 6 0 326 
131 187 701 689 624 226 708 455 113 326 0 
