0 128 296 446 25 928 307 906 800 
128 0 684 802 90 921 562 655 858 
296 684 0 690 757 939 215 353 515 
446 802 690 0 135 994 282 229 993 
25 90 757 135 0 699 498 592 274 
928 921 939 994 699 0 767 991 967 
307 562 215 282 498 767 0 330 943 
906 655 353 229 592 991 330 0 722 
800 858 515 993 274 967 943 722 0 
