0 242 405 776 564 302 938 952 25 451 
242 0 620 692 707 288 162 965 549 185 
405 620 0 488 928 406 829 698 229 780 
776 692 488 0 691 800 354 234 6 127 
564 707 928 691 0 876 242 648 632 375 
302 288 406 800 876 0 538 908 368 701 
938 162 829 354 242 538 0 197 858 827 
952 965 698 234 648 908 197 0 572 661 
25 549 229 6 632 368 858 572 0 493 
451 185 780 127 375 701 827 661 493 0 
