0 33 701 49 352 165 430 
33 0 897 142 745 261 103 
701 897 0 401 865 306 738 
49 142 401 0 342 650 176 
352 745 865 342 0 38 285 
165 261 306 650 38 0 526 
430 103 738 176 285 526 0 
