0 327 570 483 661 883 893 581 
327 0 686 346 88 560 329 683 
570 686 0 952 38 74 516 574 
483 346 952 0 539 415 83 691 
661 88 38 539 0 241 499 465 
883 560 74 415 241 0 454 240 
893 329 516 83 499 454 0 213 
581 683 574 691 465 240 213 0 
