0 926 395 971 695 935 648 832 
926 0 774 291 615 854 702 0 
395 774 0 427 190 377 937 467 
971 291 427 0 655 133 224 495 
695 615 190 655 0 7 83 196 
935 854 377 133 7 0 13 54 
648 702 937 224 83 13 0 557 
832 0 467 495 196 54 557 0 
