0 330 23 889 867 23 43 36 
330 0 602 482 563 977 177 953 
23 602 0 296 438 589 76 578 
889 482 296 0 489 95 637 113 
867 563 438 489 0 849 691 792 
23 977 589 95 849 0 999 993 
43 177 76 637 691 999 0 895 
36 953 578 113 792 993 895 0 
