0 797 23 382 693 40 817 638 
797 0 909 557 720 875 304 62 
23 909 0 252 92 518 797 394 
382 557 252 0 75 936 22 895 
693 720 92 75 0 80 89 149 
40 875 518 936 80 0 638 410 
817 304 797 22 89 638 0 44 
638 62 394 895 149 410 44 0 
