0 721 215 122 647 700 763 247 
721 0 939 474 667 381 239 432 
215 939 0 478 109 211 516 238 
122 474 478 0 352 351 315 189 
647 667 109 352 0 248 698 669 
700 381 211 351 248 0 237 299 
763 239 516 315 698 237 0 311 
247 432 238 189 669 299 311 0 
