0 41 506 907 792 318 728 977 641 
41 0 138 657 668 126 933 821 943 
506 138 0 573 596 557 796 749 283 
907 657 573 0 390 383 395 405 446 
792 668 596 390 0 31 698 720 450 
318 126 557 383 31 0 162 999 361 
728 933 796 395 698 162 0 358 530 
977 821 749 405 720 999 358 0 273 
641 943 283 446 450 361 530 273 0 
