0 994 951 127 922 380 106 551 420 350 
994 0 580 276 810 968 22 98 375 606 
951 580 0 540 675 15 540 588 554 367 
127 276 540 0 954 848 54 171 694 810 
922 810 675 954 0 834 354 276 85 801 
380 968 15 848 834 0 399 831 594 896 
106 22 540 54 354 399 0 274 468 861 
551 98 588 171 276 831 274 0 679 48 
420 375 554 694 85 594 468 679 0 0 
350 606 367 810 801 896 861 48 0 0 
