0 908 959 845 754 688 625 767 560 892 728 
908 0 76 978 994 802 470 226 861 223 308 
959 76 0 386 215 546 25 435 855 553 72 
845 978 386 0 53 549 929 659 767 934 615 
754 994 215 53 0 164 448 188 396 608 459 
688 802 546 549 164 0 628 405 285 340 280 
625 470 25 929 448 628 0 533 714 909 662 
767 226 435 659 188 405 533 0 63 507 578 
560 861 855 767 396 285 714 63 0 742 652 
892 223 553 934 608 340 909 507 742 0 323 
728 308 72 615 459 280 662 578 652 323 0 
