0 433 872 172 60 892 371 132 884 
433 0 467 480 774 540 240 656 909 
872 467 0 412 153 90 652 69 704 
172 480 412 0 377 399 777 331 655 
60 774 153 377 0 971 927 792 763 
892 540 90 399 971 0 923 239 339 
371 240 652 777 927 923 0 982 896 
132 656 69 331 792 239 982 0 430 
884 909 704 655 763 339 896 430 0 
