0 438 329 967 524 252 825 713 
438 0 725 333 693 384 578 358 
329 725 0 270 113 518 877 804 
967 333 270 0 175 612 589 327 
524 693 113 175 0 881 894 858 
252 384 518 612 881 0 512 654 
825 578 877 589 894 512 0 130 
713 358 804 327 858 654 130 0 
