0 8 111 826 854 767 857 159 143 291 
8 0 490 887 625 706 322 91 361 857 
111 490 0 55 298 914 759 427 881 115 
826 887 55 0 949 167 196 713 415 264 
854 625 298 949 0 512 761 602 144 371 
767 706 914 167 512 0 171 307 175 877 
857 322 759 196 761 171 0 188 176 707 
159 91 427 713 602 307 188 0 526 430 
143 361 881 415 144 175 176 526 0 771 
291 857 115 264 371 877 707 430 771 0 
