0 225 515 903 265 540 259 478 156 
225 0 298 116 380 630 42 299 337 
515 298 0 292 626 100 149 448 973 
903 116 292 0 100 324 908 602 505 
265 380 626 100 0 369 545 331 462 
540 630 100 324 369 0 578 887 220 
259 42 149 908 545 578 0 61 669 
478 299 448 602 331 887 61 0 530 
156 337 973 505 462 220 669 530 0 
