0 128 20 460 565 904 384 521 
128 0 102 213 62 940 450 173 
20 102 0 518 802 248 736 741 
460 213 518 0 158 607 690 230 
565 62 802 158 0 933 304 199 
904 940 248 607 933 0 791 834 
384 450 736 690 304 791 0 322 
521 173 741 230 199 834 322 0 
