0 728 20 980 87 854 61 716 770 
728 0 181 989 590 245 68 848 395 
20 181 0 650 840 462 573 294 666 
980 989 650 0 399 85 535 885 353 
87 590 840 399 0 240 110 126 887 
854 245 462 85 240 0 872 583 63 
61 68 573 535 110 872 0 876 536 
716 848 294 885 126 583 876 0 778 
770 395 666 353 887 63 536 778 0 
