0 738 10 759 251 896 943 461 509 293 530 
738 0 458 733 730 636 606 828 474 849 359 
10 458 0 660 578 595 858 980 985 602 139 
759 733 660 0 32 866 210 466 313 567 90 
251 730 578 32 0 727 874 883 353 592 465 
896 636 595 866 727 0 271 783 64 517 322 
943 606 858 210 874 271 0 776 638 25 907 
461 828 980 466 883 783 776 0 195 765 616 
509 474 985 313 353 64 638 195 0 428 615 
293 849 602 567 592 517 25 765 428 0 211 
530 359 139 90 465 322 907 616 615 211 0 
