0 867 201 816 787 123 495 504 
867 0 629 955 852 515 785 633 
201 629 0 511 230 485 436 154 
816 955 511 0 876 548 213 755 
787 852 230 876 0 461 291 368 
123 515 485 548 461 0 927 173 
495 785 436 213 291 927 0 420 
504 633 154 755 368 173 420 0 
