0 445 959 793 477 509 200 
445 0 975 17 614 238 162 
959 975 0 784 959 858 518 
793 17 784 0 98 585 104 
477 614 959 98 0 332 83 
509 238 858 585 332 0 625 
200 162 518 104 83 625 0 
