0 775 817 875 144 231 775 366 261 130 
775 0 360 81 544 123 483 217 173 529 
817 360 0 621 669 422 690 155 533 450 
875 81 621 0 207 535 38 193 823 401 
144 544 669 207 0 147 281 557 657 367 
231 123 422 535 147 0 803 706 981 53 
775 483 690 38 281 803 0 178 494 588 
366 217 155 193 557 706 178 0 480 198 
261 173 533 823 657 981 494 480 0 50 
130 529 450 401 367 53 588 198 50 0 
