0 569 773 634 42 918 578 410 292 
569 0 991 140 563 403 355 528 584 
773 991 0 587 28 509 371 586 62 
634 140 587 0 29 941 606 629 857 
42 563 28 29 0 124 138 903 680 
918 403 509 941 124 0 956 10 856 
578 355 371 606 138 956 0 53 136 
410 528 586 629 903 10 53 0 197 
292 584 62 857 680 856 136 197 0 
