0 506 961 312 986 20 257 16 40 804 686 
506 0 292 356 190 200 759 33 537 584 439 
961 292 0 678 416 433 314 140 569 822 130 
312 356 678 0 511 682 471 592 238 595 663 
986 190 416 511 0 374 996 564 269 562 122 
20 200 433 682 374 0 117 800 592 162 638 
257 759 314 471 996 117 0 450 780 188 799 
16 33 140 592 564 800 450 0 87 444 768 
40 537 569 238 269 592 780 87 0 98 126 
804 584 822 595 562 162 188 444 98 0 340 
686 439 130 663 122 638 799 768 126 340 0 
