0 265 198 907 7 953 513 184 209 
265 0 208 462 879 784 677 528 534 
198 208 0 865 632 358 934 870 873 
907 462 865 0 786 537 111 527 195 
7 879 632 786 0 852 710 703 191 
953 784 358 537 852 0 801 762 484 
513 677 934 111 710 801 0 401 183 
184 528 870 527 703 762 401 0 489 
209 534 873 195 191 484 183 489 0 
