0 212 117 643 415 105 820 800 492 583 
212 0 333 872 571 169 540 302 824 241 
117 333 0 347 494 168 764 996 754 913 
643 872 347 0 128 189 400 169 12 790 
415 571 494 128 0 730 923 934 684 728 
105 169 168 189 730 0 424 129 877 742 
820 540 764 400 923 424 0 226 42 571 
800 302 996 169 934 129 226 0 656 409 
492 824 754 12 684 877 42 656 0 693 
583 241 913 790 728 742 571 409 693 0 
