0 176 173 919 576 848 300 265 242 615 767 
176 0 966 648 791 928 327 33 218 301 433 
173 966 0 470 963 88 830 161 273 930 441 
919 648 470 0 827 333 95 700 993 493 532 
576 791 963 827 0 573 274 386 436 126 409 
848 928 88 333 573 0 963 146 960 294 676 
300 327 830 95 274 963 0 702 961 39 626 
265 33 161 700 386 146 702 0 54 489 675 
242 218 273 993 436 960 961 54 0 103 419 
615 301 930 493 126 294 39 489 103 0 627 
767 433 441 532 409 676 626 675 419 627 0 
