0 365 974 113 684 52 920 777 
365 0 671 387 115 307 361 998 
974 671 0 839 530 727 156 652 
113 387 839 0 401 708 436 43 
684 115 530 401 0 657 695 705 
52 307 727 708 657 0 655 296 
920 361 156 436 695 655 0 79 
777 998 652 43 705 296 79 0 
