0 102 810 958 199 868 590 24 709 900 43 
102 0 781 545 5 858 507 387 577 287 787 
810 781 0 25 584 527 720 834 368 978 996 
958 545 25 0 264 228 349 50 417 646 381 
199 5 584 264 0 852 849 400 458 432 388 
868 858 527 228 852 0 533 440 341 483 645 
590 507 720 349 849 533 0 57 715 363 96 
24 387 834 50 400 440 57 0 469 106 841 
709 577 368 417 458 341 715 469 0 694 950 
900 287 978 646 432 483 363 106 694 0 45 
43 787 996 381 388 645 96 841 950 45 0 
