0 571 846 712 557 688 499 913 967 355 
571 0 392 214 539 443 734 761 998 216 
846 392 0 729 845 641 724 293 636 631 
712 214 729 0 303 74 421 330 471 680 
557 539 845 303 0 440 389 902 286 104 
688 443 641 74 440 0 25 721 517 804 
499 734 724 421 389 25 0 462 158 308 
913 761 293 330 902 721 462 0 958 814 
967 998 636 471 286 517 158 958 0 442 
355 216 631 680 104 804 308 814 442 0 
