0 567 947 224 981 978 151 283 215 735 487 
567 0 776 857 788 79 781 587 62 574 143 
947 776 0 890 516 181 573 665 871 657 170 
224 857 890 0 522 824 750 184 907 235 621 
981 788 516 522 0 266 328 809 165 614 271 
978 79 181 824 266 0 842 928 734 488 261 
151 781 573 750 328 842 0 159 985 40 652 
283 587 665 184 809 928 159 0 626 152 465 
215 62 871 907 165 734 985 626 0 492 174 
735 574 657 235 614 488 40 152 492 0 986 
487 143 170 621 271 261 652 465 174 986 0 
