0 100 701 63 700 131 882 305 
100 0 283 992 431 465 849 187 
701 283 0 489 557 449 297 62 
63 992 489 0 169 968 406 145 
700 431 557 169 0 577 490 547 
131 465 449 968 577 0 247 881 
882 849 297 406 490 247 0 495 
305 187 62 145 547 881 495 0 
