0 548 983 109 157 275 451 278 487 
548 0 831 846 827 811 471 477 796 
983 831 0 558 559 271 510 351 591 
109 846 558 0 111 649 949 241 644 
157 827 559 111 0 995 542 316 704 
275 811 271 649 995 0 72 183 105 
451 471 510 949 542 72 0 782 726 
278 477 351 241 316 183 782 0 572 
487 796 591 644 704 105 726 572 0 
