0 145 735 519 676 557 
145 0 518 718 378 66 
735 518 0 891 894 442 
519 718 891 0 954 234 
676 378 894 954 0 444 
557 66 442 234 444 0 
