0 291 726 549 784 582 275 461 632 204 598 
291 0 687 518 675 719 172 326 271 148 238 
726 687 0 597 738 301 614 335 313 880 540 
549 518 597 0 544 619 127 760 931 631 128 
784 675 738 544 0 862 984 937 961 620 452 
582 719 301 619 862 0 705 469 761 634 388 
275 172 614 127 984 705 0 657 979 183 307 
461 326 335 760 937 469 657 0 220 255 499 
632 271 313 931 961 761 979 220 0 98 750 
204 148 880 631 620 634 183 255 98 0 876 
598 238 540 128 452 388 307 499 750 876 0 
