0 584 314 661 665 674 556 970 
584 0 415 814 878 518 125 559 
314 415 0 303 234 792 797 721 
661 814 303 0 700 809 487 892 
665 878 234 700 0 94 487 558 
674 518 792 809 94 0 203 528 
556 125 797 487 487 203 0 240 
970 559 721 892 558 528 240 0 
