0 136 619 22 802 585 376 982 410 6 
136 0 820 496 487 438 55 909 761 649 
619 820 0 146 836 26 2 160 988 46 
22 496 146 0 655 552 874 56 896 610 
802 487 836 655 0 174 997 523 864 584 
585 438 26 552 174 0 474 10 283 23 
376 55 2 874 997 474 0 823 633 420 
982 909 160 56 523 10 823 0 542 71 
410 761 988 896 864 283 633 542 0 283 
6 649 46 610 584 23 420 71 283 0 
